config,wl0,wl1,wl2,wl3,wl4,wl5,wl6,wl7,ipc0,ipc1,ipc2,ipc3,ipc4,ipc5,ipc6,ipc7,nrh
Baseline,502.gcc,502.gcc,502.gcc,502.gcc,502.gcc,502.gcc,502.gcc,502.gcc,2.7042700098943833,2.703978103401637,2.70412346378746,2.7042741052233055,2.703990386773377,2.704309501083022,2.704264744489709,2.7040193408768984,0
Baseline,462.libquantum,462.libquantum,462.libquantum,462.libquantum,462.libquantum,462.libquantum,462.libquantum,462.libquantum,0.294526064620126,0.29455094536067006,0.2943951612551851,0.29447002721515547,0.294347431978781,0.2933586350853501,0.2936374151572862,0.2938136881568462,0
Baseline,wc_map0,wc_map0,wc_map0,wc_map0,wc_map0,wc_map0,wc_map0,wc_map0,2.1947182087166484,2.17162528345139,2.209952174866974,2.171652447699877,2.139538657270041,2.166111463417107,2.1378685792324026,2.139028465249643,0
Baseline,523.xalancbmk,523.xalancbmk,523.xalancbmk,523.xalancbmk,523.xalancbmk,523.xalancbmk,523.xalancbmk,523.xalancbmk,2.2238593780772655,2.2236884729860096,2.2235007845844867,2.2235553671957096,2.223361966974537,2.223267058928049,2.223343775637933,2.223267058928049,0
Baseline,464.h264ref,464.h264ref,464.h264ref,464.h264ref,464.h264ref,464.h264ref,464.h264ref,464.h264ref,2.827424525012472,2.827356095208615,2.827467695050597,2.827500952867821,2.8274485082042378,2.8275546786868655,2.8275361302566724,2.827572907553635,0
Baseline,ycsb_abgsave,ycsb_abgsave,ycsb_abgsave,ycsb_abgsave,ycsb_abgsave,ycsb_abgsave,ycsb_abgsave,ycsb_abgsave,2.0329262493388924,2.032941954058927,2.032895005933207,2.0265929527256663,2.0266798622441375,2.032919967518818,2.0329574937049473,2.032989730962271,0
Baseline,505.mcf,505.mcf,505.mcf,505.mcf,505.mcf,505.mcf,505.mcf,505.mcf,0.8047562510809888,0.772227844898964,0.7565322703227794,0.7852645176091799,0.743633751453804,0.7565785412052042,0.7721777797874991,0.7494440848611725,0
Baseline,bfs_ny,bfs_ny,bfs_ny,bfs_ny,bfs_ny,bfs_ny,bfs_ny,bfs_ny,0.035833589760890565,0.03588830028950144,0.0359346317942645,0.03541174135379699,0.03426123084209102,0.030567997634046766,0.00919128991881487,0.002834256404143463,0
Baseline,444.namd,444.namd,444.namd,444.namd,444.namd,444.namd,444.namd,444.namd,3.6559579757867366,3.6559045124536924,3.6558617429130753,3.655813628376016,3.6559152049952086,3.6559258975992703,3.6558243203859146,3.6567440672618576,0
Baseline,tpch17,tpch17,tpch17,tpch17,tpch17,tpch17,tpch17,tpch17,0.651268864523676,0.6405983290889423,0.6402650061982774,0.6406062246323138,0.6506195941481816,0.6401965208699328,0.642282258029087,0.6410138726683889,0
Baseline,437.leslie3d,437.leslie3d,437.leslie3d,437.leslie3d,437.leslie3d,437.leslie3d,437.leslie3d,437.leslie3d,0.21305606909643535,0.2131940256484693,0.21313799662218902,0.21307667582930465,0.21313812927146394,0.2130539883067449,0.21314092039586477,0.21305691522323875,0
Baseline,tpch2,tpch2,tpch2,tpch2,tpch2,tpch2,tpch2,tpch2,0.6497093057629969,0.6611677433607056,0.6500557149752191,0.649868451028669,0.6510590791061001,0.6503005949470083,0.6500521315807443,0.6497089511805576,0
Baseline,429.mcf,429.mcf,429.mcf,429.mcf,429.mcf,429.mcf,429.mcf,429.mcf,0.09590947692206601,0.09576115837171127,0.09568581994287151,0.09549957270435186,0.09526320407833817,0.09477865777065592,0.09363647700800504,0.09117375206583311,0
Baseline,473.astar,473.astar,473.astar,473.astar,473.astar,473.astar,473.astar,473.astar,0.6947366197895448,0.7003519913080155,0.6944581214113356,0.7004388193167914,0.6990793795687285,0.6970073987335376,0.6973762335016475,0.6986998174576857,0
Baseline,ycsb_aserver,ycsb_aserver,ycsb_aserver,ycsb_aserver,ycsb_aserver,ycsb_aserver,ycsb_aserver,ycsb_aserver,1.491771834094684,1.4916743686786569,1.4918943292440112,1.4918145626760528,1.4918973562683708,1.4917756617636178,1.477016297102419,1.4917702318204973,0
Baseline,445.gobmk,445.gobmk,445.gobmk,445.gobmk,445.gobmk,445.gobmk,445.gobmk,445.gobmk,3.3628854741103553,3.362831191792755,3.3628759745782717,3.362894521333665,3.362818526170799,3.3628592374380393,3.362838429333851,3.3628691892310707,0
Baseline,510.parest,510.parest,510.parest,510.parest,510.parest,510.parest,510.parest,510.parest,0.4529721587004265,0.45130551583615713,0.4524050440267017,0.4501937832128213,0.4518859087856725,0.45286093537339334,0.45006209956849846,0.44937270895188364,0
Baseline,538.imagick,538.imagick,538.imagick,538.imagick,538.imagick,538.imagick,538.imagick,538.imagick,3.924515553875514,3.9245032324563325,3.9244909111145194,3.924478589850074,3.9244662686629956,3.9244539475532836,3.9244416265209368,3.924429305565955,0
Baseline,520.omnetpp,520.omnetpp,520.omnetpp,520.omnetpp,520.omnetpp,520.omnetpp,520.omnetpp,520.omnetpp,0.4890136817030289,0.48890262422785896,0.48883971117942004,0.488849786120397,0.48876289146339635,0.4887274142200793,0.4887345417418691,0.48871411516423013,0
Baseline,519.lbm,519.lbm,519.lbm,519.lbm,519.lbm,519.lbm,519.lbm,519.lbm,0.16648879558708793,0.1665272345233818,0.16643232994610255,0.1664387797989578,0.16650051025746374,0.16649540283549397,0.16645642110971037,0.16646604179309762,0
Baseline,h264_encode,h264_encode,h264_encode,h264_encode,h264_encode,h264_encode,h264_encode,h264_encode,2.4267368155388813,2.4269462482857267,2.425536278794633,2.425692311991381,2.4263060490042,2.4226886145457835,2.4218688166661773,2.419774552508672,0
Baseline,435.gromacs,435.gromacs,435.gromacs,435.gromacs,435.gromacs,435.gromacs,435.gromacs,435.gromacs,3.2754564545096745,3.275405387098545,3.275413969745394,3.2754397179558166,3.2754311351740295,3.2754225524372225,3.275465037424153,3.275448300782583,0
Baseline,ycsb_cserver,ycsb_cserver,ycsb_cserver,ycsb_cserver,ycsb_cserver,ycsb_cserver,ycsb_cserver,ycsb_cserver,1.6314960708027528,1.6315114027963453,1.6315009684916049,1.6315303552422409,1.6314987325865247,1.6314974549292303,1.6315069309351138,1.6315155552608676,0
Baseline,508.namd,508.namd,508.namd,508.namd,508.namd,508.namd,508.namd,508.namd,2.782813433286055,2.782802281897871,2.7828487466049245,2.782789581814626,2.7827908208420347,2.7828481270652907,2.782842860989541,2.782835116796703,0
Baseline,jp2_decode,jp2_decode,jp2_decode,jp2_decode,jp2_decode,jp2_decode,jp2_decode,jp2_decode,0.5728539892795647,0.5726079868232367,0.5711480104710164,0.5653150669331909,0.5655788315878855,0.5653075888337913,0.5654266866966432,0.5653494559540423,0
Baseline,483.xalancbmk,483.xalancbmk,483.xalancbmk,483.xalancbmk,483.xalancbmk,483.xalancbmk,483.xalancbmk,483.xalancbmk,0.5023110931547174,0.5056417381446884,0.5011752057399396,0.5015379661732703,0.5021260519164193,0.5022973372394385,0.5005405537656337,0.500553261519958,0
Baseline,jp2_encode,jp2_encode,jp2_encode,jp2_encode,jp2_encode,jp2_encode,jp2_encode,jp2_encode,2.8354254425446968,2.8357049278880235,2.834978187677824,2.8340654669122856,2.833124758688599,2.8313853402192626,2.8235806481269607,2.8065577804573545,0
Baseline,541.leela,541.leela,541.leela,541.leela,541.leela,541.leela,541.leela,541.leela,3.4772966605572884,3.4772308835407224,3.4772129887535805,3.477252164067884,3.4772768304593873,3.477275379485494,3.47726619001229,3.477296176893673,0
Baseline,401.bzip2,401.bzip2,401.bzip2,401.bzip2,401.bzip2,401.bzip2,401.bzip2,401.bzip2,2.439132663937765,2.438997025887027,2.439169788560079,2.43920834224864,2.43916122123924,2.438991553089334,2.4389941705112532,2.4391804977957614,0
Baseline,ycsb_bserver,ycsb_bserver,ycsb_bserver,ycsb_bserver,ycsb_bserver,ycsb_bserver,ycsb_bserver,ycsb_bserver,1.5994362818813235,1.599454803437881,1.5994566453840833,1.5994393517229193,1.5994654458522726,1.599452040526532,1.5994907221540662,1.5994382261129658,0
Baseline,531.deepsjeng,531.deepsjeng,531.deepsjeng,531.deepsjeng,531.deepsjeng,531.deepsjeng,531.deepsjeng,531.deepsjeng,3.2471471214820085,3.247121816164588,3.2471062114154488,3.2471542913936515,3.2470534937776065,3.24712055090907,3.2471391080888186,3.2471348905293413,0
Baseline,450.soplex,450.soplex,450.soplex,450.soplex,450.soplex,450.soplex,450.soplex,450.soplex,0.28814188604377977,0.2922166095593591,0.29403709127359423,0.28096169186229975,0.3005229616432086,0.28067457326939566,0.2802822365885679,0.28071625628626157,0
Baseline,grep_map0,grep_map0,grep_map0,grep_map0,grep_map0,grep_map0,grep_map0,grep_map0,0.0796316725536451,0.079713724166173,0.07960809381221572,0.07883825909204903,0.07696987910935296,0.07248845663371413,0.05872956156051906,0.05233783620232289,0
Baseline,511.povray,511.povray,511.povray,511.povray,511.povray,511.povray,511.povray,511.povray,3.0646554027913373,3.0650292544782225,3.064129910283502,3.065071341987542,3.065166043109721,3.0641588283441066,3.064995810763726,3.063557294893614,0
Baseline,456.hmmer,456.hmmer,456.hmmer,456.hmmer,456.hmmer,456.hmmer,456.hmmer,456.hmmer,2.926810650921518,2.926729788033351,2.9182036845473176,2.918207772191161,2.9268188745163872,2.9268397763613434,2.926831895302774,2.9182016407296905,0
Baseline,436.cactusADM,436.cactusADM,436.cactusADM,436.cactusADM,436.cactusADM,436.cactusADM,436.cactusADM,436.cactusADM,1.049682038714289,1.0497845632119376,1.0457547835542762,1.0488661274683648,1.0468031114505731,1.0488665235117696,1.0468037250971152,1.0497831525928678,0
Baseline,tpch6,tpch6,tpch6,tpch6,tpch6,tpch6,tpch6,tpch6,2.6594612995191693,2.659478840016178,2.6685373469273608,2.6594443250649435,2.6594963807445655,2.6594675235400107,2.6594901565886526,2.6594709184727487,0
Baseline,gups,gups,gups,gups,gups,gups,gups,gups,0.09930899963855894,0.09929442927549927,0.099255869219895,0.09928123365272437,0.09930619449161092,0.09929256154898652,0.09923352619766083,0.09925242438735925,0
Baseline,wc_8443,wc_8443,wc_8443,wc_8443,wc_8443,wc_8443,wc_8443,wc_8443,0.7163867743539266,0.813662182172974,0.7089466974738982,0.7175724832881674,0.6939059348886412,0.6975016523116642,0.6287662627564414,0.06519740234772195,0
Baseline,447.dealII,447.dealII,447.dealII,447.dealII,447.dealII,447.dealII,447.dealII,447.dealII,3.5793061128535175,3.579275365680247,3.5793158495685136,3.5793260987994224,3.579264604294402,3.5792958637370655,3.579336348089028,3.579285614679309,0
Baseline,458.sjeng,458.sjeng,458.sjeng,458.sjeng,458.sjeng,458.sjeng,458.sjeng,458.sjeng,3.3970552965867067,3.397028985625404,3.3970483726100067,3.3970857624195077,3.397077453501823,3.3970959178185427,3.397043295045032,3.3970714526421064,0
Baseline,ycsb_dserver,ycsb_dserver,ycsb_dserver,ycsb_dserver,ycsb_dserver,ycsb_dserver,ycsb_dserver,ycsb_dserver,1.8587891282546654,1.858825753004736,1.8587379942254214,1.858806403900341,1.8588375008717948,1.858752090352601,1.858812208589363,1.8588258912140736,0
Baseline,525.x264,525.x264,525.x264,525.x264,525.x264,525.x264,525.x264,525.x264,3.3158644750482527,3.315810380741243,3.31582797219214,3.3158270926151623,3.3158504015627472,3.315829291558482,3.315846443416473,3.315855239309915,0
Baseline,403.gcc,403.gcc,403.gcc,403.gcc,403.gcc,403.gcc,403.gcc,403.gcc,3.6838795200464935,3.6842285984265986,3.6839609476562196,3.684072237877892,3.6840391215482398,3.6838578066251677,3.6840602942149494,3.683685736813031,0
Baseline,h264_decode,h264_decode,h264_decode,h264_decode,h264_decode,h264_decode,h264_decode,h264_decode,0.03791269463768928,0.037933313338329826,0.03795825083132821,0.03774790525322891,0.0367133985838902,0.03475875246416093,0.023933231514920453,0.005154747090153773,0
Baseline,470.lbm,470.lbm,470.lbm,470.lbm,470.lbm,470.lbm,470.lbm,470.lbm,0.16949931549735428,0.16933616896005302,0.16933604164431149,0.1695560210855527,0.16924999592615259,0.16918138783850556,0.16926826459925748,0.16857917720252807,0
Baseline,434.zeusmp,434.zeusmp,434.zeusmp,434.zeusmp,434.zeusmp,434.zeusmp,434.zeusmp,434.zeusmp,0.17573745499056237,0.17636937877103306,0.17592128251625191,0.17627457091243948,0.17622437541622876,0.17589306962168524,0.17654479021832264,0.17631063259183005,0
Baseline,500.perlbench,500.perlbench,500.perlbench,500.perlbench,500.perlbench,500.perlbench,500.perlbench,500.perlbench,1.9531674203549108,1.9531860370636582,1.9531806961682892,1.9531748975149599,1.9531790176072057,1.9531851214795206,1.9531907675953777,1.9531945825570036,0
Baseline,549.fotonik3d,549.fotonik3d,549.fotonik3d,549.fotonik3d,549.fotonik3d,549.fotonik3d,549.fotonik3d,549.fotonik3d,0.23878185189920495,0.23885437188437164,0.23880996219638298,0.23874703113291845,0.23883256654386406,0.23874801381946084,0.23872941482808174,0.23874752361518606,0
Baseline,526.blender,526.blender,526.blender,526.blender,526.blender,526.blender,526.blender,526.blender,3.1068443781650976,3.1070092513064664,3.10706717342518,3.1069049969347273,3.106923144415007,3.186713089003367,3.213460956577916,3.1070586780459584,0
Baseline,507.cactuBSSN,507.cactuBSSN,507.cactuBSSN,507.cactuBSSN,507.cactuBSSN,507.cactuBSSN,507.cactuBSSN,507.cactuBSSN,1.5315133686108249,1.5322471213060433,1.5358858814673313,1.5331502343113503,1.5328725436713855,1.532114342306212,1.530280049206461,1.5340225021465577,0
Baseline,tpcc64,tpcc64,tpcc64,tpcc64,tpcc64,tpcc64,tpcc64,tpcc64,1.340873979514449,1.3386647889661893,1.3431456751085342,1.3436198720949124,1.3476071886757872,1.3392955198421987,1.3389297024416187,1.3392103597885054,0
Baseline,459.GemsFDTD,459.GemsFDTD,459.GemsFDTD,459.GemsFDTD,459.GemsFDTD,459.GemsFDTD,459.GemsFDTD,459.GemsFDTD,0.4936686891877928,0.4931735800758347,0.49439750722403747,0.49277316614367667,0.4956761475700855,0.4951500743428225,0.4931994989803298,0.4938972378046252,0
Baseline,471.omnetpp,471.omnetpp,471.omnetpp,471.omnetpp,471.omnetpp,471.omnetpp,471.omnetpp,471.omnetpp,0.6791935494869521,0.6790876137380076,0.6404460373618286,0.6356509352891584,0.6362230703952325,0.635768164341493,0.638162435262569,0.6351803046949759,0
Baseline,557.xz,557.xz,557.xz,557.xz,557.xz,557.xz,557.xz,557.xz,1.5532114074804153,1.554146559377506,1.5546502792431738,1.5499527450407091,1.5501791759098684,1.5504943286018449,1.5502153187069072,1.5501803293773557,0
Baseline,544.nab,544.nab,544.nab,544.nab,544.nab,544.nab,544.nab,544.nab,2.7813607885536102,2.78136171687006,2.7813762605753487,2.7813969933543525,2.78137780778699,2.7814192737002235,2.7813966839076176,2.7814065862372885,0
Baseline,433.milc,433.milc,433.milc,433.milc,433.milc,433.milc,433.milc,433.milc,0.27246857025997706,0.27236532792861745,0.2723961677563785,0.2724703134057084,0.2722918799914709,0.2723679006149141,0.2722450179025601,0.2721911926682058,0
Baseline,481.wrf,481.wrf,481.wrf,481.wrf,481.wrf,481.wrf,481.wrf,481.wrf,3.638692399499316,3.6387347682562603,3.638777137999895,3.6387453605996654,3.6387559530047393,3.6387241759745232,3.638644735827115,3.638766545471482,0
Baseline,ycsb_eserver,ycsb_eserver,ycsb_eserver,ycsb_eserver,ycsb_eserver,ycsb_eserver,ycsb_eserver,ycsb_eserver,1.6264334734061212,1.626455588296468,1.6264619371799245,1.6264554824821635,1.6264643709317246,1.6264622546253984,1.6264694500893777,1.6264738943783468,0
Baseline,482.sphinx3,482.sphinx3,482.sphinx3,482.sphinx3,482.sphinx3,482.sphinx3,482.sphinx3,482.sphinx3,0.5236685622072169,0.516850654473512,0.5198450537356554,0.5238156778954309,0.5176903596633066,0.5207012921639954,0.5224376086200032,0.5218202585110084,0
Hydra-Baseline,502.gcc,502.gcc,502.gcc,502.gcc,502.gcc,502.gcc,502.gcc,502.gcc,2.7042700098943833,2.703978103401637,2.70412346378746,2.7042741052233055,2.703990386773377,2.704309501083022,2.704264744489709,2.7040193408768984,0
Hydra-Baseline,462.libquantum,462.libquantum,462.libquantum,462.libquantum,462.libquantum,462.libquantum,462.libquantum,462.libquantum,0.294526064620126,0.29455094536067006,0.2943951612551851,0.29447002721515547,0.294347431978781,0.2933586350853501,0.2936374151572862,0.2938136881568462,0
Hydra-Baseline,wc_map0,wc_map0,wc_map0,wc_map0,wc_map0,wc_map0,wc_map0,wc_map0,2.1947182087166484,2.17162528345139,2.209952174866974,2.171652447699877,2.139538657270041,2.166111463417107,2.1378685792324026,2.139028465249643,0
Hydra-Baseline,523.xalancbmk,523.xalancbmk,523.xalancbmk,523.xalancbmk,523.xalancbmk,523.xalancbmk,523.xalancbmk,523.xalancbmk,2.2238593780772655,2.2236884729860096,2.2235007845844867,2.2235553671957096,2.223361966974537,2.223267058928049,2.223343775637933,2.223267058928049,0
Hydra-Baseline,464.h264ref,464.h264ref,464.h264ref,464.h264ref,464.h264ref,464.h264ref,464.h264ref,464.h264ref,2.827424525012472,2.827356095208615,2.827467695050597,2.827500952867821,2.8274485082042378,2.8275546786868655,2.8275361302566724,2.827572907553635,0
Hydra-Baseline,ycsb_abgsave,ycsb_abgsave,ycsb_abgsave,ycsb_abgsave,ycsb_abgsave,ycsb_abgsave,ycsb_abgsave,ycsb_abgsave,2.0329262493388924,2.032941954058927,2.032895005933207,2.0265929527256663,2.0266798622441375,2.032919967518818,2.0329574937049473,2.032989730962271,0
Hydra-Baseline,505.mcf,505.mcf,505.mcf,505.mcf,505.mcf,505.mcf,505.mcf,505.mcf,0.8047562510809888,0.772227844898964,0.7565322703227794,0.7852645176091799,0.743633751453804,0.7565785412052042,0.7721777797874991,0.7494440848611725,0
Hydra-Baseline,bfs_ny,bfs_ny,bfs_ny,bfs_ny,bfs_ny,bfs_ny,bfs_ny,bfs_ny,0.035833589760890565,0.03588830028950144,0.0359346317942645,0.03541174135379699,0.03426123084209102,0.030567997634046766,0.00919128991881487,0.002834256404143463,0
Hydra-Baseline,444.namd,444.namd,444.namd,444.namd,444.namd,444.namd,444.namd,444.namd,3.6559579757867366,3.6559045124536924,3.6558617429130753,3.655813628376016,3.6559152049952086,3.6559258975992703,3.6558243203859146,3.6567440672618576,0
Hydra-Baseline,tpch17,tpch17,tpch17,tpch17,tpch17,tpch17,tpch17,tpch17,0.651268864523676,0.6405983290889423,0.6402650061982774,0.6406062246323138,0.6506195941481816,0.6401965208699328,0.642282258029087,0.6410138726683889,0
Hydra-Baseline,437.leslie3d,437.leslie3d,437.leslie3d,437.leslie3d,437.leslie3d,437.leslie3d,437.leslie3d,437.leslie3d,0.21305606909643535,0.2131940256484693,0.21313799662218902,0.21307667582930465,0.21313812927146394,0.2130539883067449,0.21314092039586477,0.21305691522323875,0
Hydra-Baseline,tpch2,tpch2,tpch2,tpch2,tpch2,tpch2,tpch2,tpch2,0.6497093057629969,0.6611677433607056,0.6500557149752191,0.649868451028669,0.6510590791061001,0.6503005949470083,0.6500521315807443,0.6497089511805576,0
Hydra-Baseline,429.mcf,429.mcf,429.mcf,429.mcf,429.mcf,429.mcf,429.mcf,429.mcf,0.09590947692206601,0.09576115837171127,0.09568581994287151,0.09549957270435186,0.09526320407833817,0.09477865777065592,0.09363647700800504,0.09117375206583311,0
Hydra-Baseline,473.astar,473.astar,473.astar,473.astar,473.astar,473.astar,473.astar,473.astar,0.6947366197895448,0.7003519913080155,0.6944581214113356,0.7004388193167914,0.6990793795687285,0.6970073987335376,0.6973762335016475,0.6986998174576857,0
Hydra-Baseline,ycsb_aserver,ycsb_aserver,ycsb_aserver,ycsb_aserver,ycsb_aserver,ycsb_aserver,ycsb_aserver,ycsb_aserver,1.491771834094684,1.4916743686786569,1.4918943292440112,1.4918145626760528,1.4918973562683708,1.4917756617636178,1.477016297102419,1.4917702318204973,0
Hydra-Baseline,445.gobmk,445.gobmk,445.gobmk,445.gobmk,445.gobmk,445.gobmk,445.gobmk,445.gobmk,3.3628854741103553,3.362831191792755,3.3628759745782717,3.362894521333665,3.362818526170799,3.3628592374380393,3.362838429333851,3.3628691892310707,0
Hydra-Baseline,510.parest,510.parest,510.parest,510.parest,510.parest,510.parest,510.parest,510.parest,0.4529721587004265,0.45130551583615713,0.4524050440267017,0.4501937832128213,0.4518859087856725,0.45286093537339334,0.45006209956849846,0.44937270895188364,0
Hydra-Baseline,538.imagick,538.imagick,538.imagick,538.imagick,538.imagick,538.imagick,538.imagick,538.imagick,3.924515553875514,3.9245032324563325,3.9244909111145194,3.924478589850074,3.9244662686629956,3.9244539475532836,3.9244416265209368,3.924429305565955,0
Hydra-Baseline,520.omnetpp,520.omnetpp,520.omnetpp,520.omnetpp,520.omnetpp,520.omnetpp,520.omnetpp,520.omnetpp,0.4890136817030289,0.48890262422785896,0.48883971117942004,0.488849786120397,0.48876289146339635,0.4887274142200793,0.4887345417418691,0.48871411516423013,0
Hydra-Baseline,519.lbm,519.lbm,519.lbm,519.lbm,519.lbm,519.lbm,519.lbm,519.lbm,0.16648879558708793,0.1665272345233818,0.16643232994610255,0.1664387797989578,0.16650051025746374,0.16649540283549397,0.16645642110971037,0.16646604179309762,0
Hydra-Baseline,h264_encode,h264_encode,h264_encode,h264_encode,h264_encode,h264_encode,h264_encode,h264_encode,2.4267368155388813,2.4269462482857267,2.425536278794633,2.425692311991381,2.4263060490042,2.4226886145457835,2.4218688166661773,2.419774552508672,0
Hydra-Baseline,bfs_cm2003,bfs_cm2003,bfs_cm2003,bfs_cm2003,bfs_cm2003,bfs_cm2003,bfs_cm2003,bfs_cm2003,0.03583668257593186,0.0358928379181404,0.03593726489167484,0.03540227609871194,0.03425033710860049,0.030548831272405513,0.009236939140047778,0.0028293050726441228,0
Hydra-Baseline,435.gromacs,435.gromacs,435.gromacs,435.gromacs,435.gromacs,435.gromacs,435.gromacs,435.gromacs,3.2754564545096745,3.275405387098545,3.275413969745394,3.2754397179558166,3.2754311351740295,3.2754225524372225,3.275465037424153,3.275448300782583,0
Hydra-Baseline,ycsb_cserver,ycsb_cserver,ycsb_cserver,ycsb_cserver,ycsb_cserver,ycsb_cserver,ycsb_cserver,ycsb_cserver,1.6314960708027528,1.6315114027963453,1.6315009684916049,1.6315303552422409,1.6314987325865247,1.6314974549292303,1.6315069309351138,1.6315155552608676,0
Hydra-Baseline,508.namd,508.namd,508.namd,508.namd,508.namd,508.namd,508.namd,508.namd,2.782813433286055,2.782802281897871,2.7828487466049245,2.782789581814626,2.7827908208420347,2.7828481270652907,2.782842860989541,2.782835116796703,0
Hydra-Baseline,jp2_decode,jp2_decode,jp2_decode,jp2_decode,jp2_decode,jp2_decode,jp2_decode,jp2_decode,0.5728539892795647,0.5726079868232367,0.5711480104710164,0.5653150669331909,0.5655788315878855,0.5653075888337913,0.5654266866966432,0.5653494559540423,0
Hydra-Baseline,483.xalancbmk,483.xalancbmk,483.xalancbmk,483.xalancbmk,483.xalancbmk,483.xalancbmk,483.xalancbmk,483.xalancbmk,0.5023110931547174,0.5056417381446884,0.5011752057399396,0.5015379661732703,0.5021260519164193,0.5022973372394385,0.5005405537656337,0.500553261519958,0
Hydra-Baseline,jp2_encode,jp2_encode,jp2_encode,jp2_encode,jp2_encode,jp2_encode,jp2_encode,jp2_encode,2.8354254425446968,2.8357049278880235,2.834978187677824,2.8340654669122856,2.833124758688599,2.8313853402192626,2.8235806481269607,2.8065577804573545,0
Hydra-Baseline,541.leela,541.leela,541.leela,541.leela,541.leela,541.leela,541.leela,541.leela,3.4772966605572884,3.4772308835407224,3.4772129887535805,3.477252164067884,3.4772768304593873,3.477275379485494,3.47726619001229,3.477296176893673,0
Hydra-Baseline,401.bzip2,401.bzip2,401.bzip2,401.bzip2,401.bzip2,401.bzip2,401.bzip2,401.bzip2,2.439132663937765,2.438997025887027,2.439169788560079,2.43920834224864,2.43916122123924,2.438991553089334,2.4389941705112532,2.4391804977957614,0
Hydra-Baseline,ycsb_bserver,ycsb_bserver,ycsb_bserver,ycsb_bserver,ycsb_bserver,ycsb_bserver,ycsb_bserver,ycsb_bserver,1.5994362818813235,1.599454803437881,1.5994566453840833,1.5994393517229193,1.5994654458522726,1.599452040526532,1.5994907221540662,1.5994382261129658,0
Hydra-Baseline,531.deepsjeng,531.deepsjeng,531.deepsjeng,531.deepsjeng,531.deepsjeng,531.deepsjeng,531.deepsjeng,531.deepsjeng,3.2471471214820085,3.247121816164588,3.2471062114154488,3.2471542913936515,3.2470534937776065,3.24712055090907,3.2471391080888186,3.2471348905293413,0
Hydra-Baseline,450.soplex,450.soplex,450.soplex,450.soplex,450.soplex,450.soplex,450.soplex,450.soplex,0.28814188604377977,0.2922166095593591,0.29403709127359423,0.28096169186229975,0.3005229616432086,0.28067457326939566,0.2802822365885679,0.28071625628626157,0
Hydra-Baseline,grep_map0,grep_map0,grep_map0,grep_map0,grep_map0,grep_map0,grep_map0,grep_map0,0.0796316725536451,0.079713724166173,0.07960809381221572,0.07883825909204903,0.07696987910935296,0.07248845663371413,0.05872956156051906,0.05233783620232289,0
Hydra-Baseline,511.povray,511.povray,511.povray,511.povray,511.povray,511.povray,511.povray,511.povray,3.0646554027913373,3.0650292544782225,3.064129910283502,3.065071341987542,3.065166043109721,3.0641588283441066,3.064995810763726,3.063557294893614,0
Hydra-Baseline,456.hmmer,456.hmmer,456.hmmer,456.hmmer,456.hmmer,456.hmmer,456.hmmer,456.hmmer,2.926810650921518,2.926729788033351,2.9182036845473176,2.918207772191161,2.9268188745163872,2.9268397763613434,2.926831895302774,2.9182016407296905,0
Hydra-Baseline,436.cactusADM,436.cactusADM,436.cactusADM,436.cactusADM,436.cactusADM,436.cactusADM,436.cactusADM,436.cactusADM,1.049682038714289,1.0497845632119376,1.0457547835542762,1.0488661274683648,1.0468031114505731,1.0488665235117696,1.0468037250971152,1.0497831525928678,0
Hydra-Baseline,tpch6,tpch6,tpch6,tpch6,tpch6,tpch6,tpch6,tpch6,2.6594612995191693,2.659478840016178,2.6685373469273608,2.6594443250649435,2.6594963807445655,2.6594675235400107,2.6594901565886526,2.6594709184727487,0
Hydra-Baseline,gups,gups,gups,gups,gups,gups,gups,gups,0.09930899963855894,0.09929442927549927,0.099255869219895,0.09928123365272437,0.09930619449161092,0.09929256154898652,0.09923352619766083,0.09925242438735925,0
Hydra-Baseline,wc_8443,wc_8443,wc_8443,wc_8443,wc_8443,wc_8443,wc_8443,wc_8443,0.7163867743539266,0.813662182172974,0.7089466974738982,0.7175724832881674,0.6939059348886412,0.6975016523116642,0.6287662627564414,0.06519740234772195,0
Hydra-Baseline,447.dealII,447.dealII,447.dealII,447.dealII,447.dealII,447.dealII,447.dealII,447.dealII,3.5793061128535175,3.579275365680247,3.5793158495685136,3.5793260987994224,3.579264604294402,3.5792958637370655,3.579336348089028,3.579285614679309,0
Hydra-Baseline,458.sjeng,458.sjeng,458.sjeng,458.sjeng,458.sjeng,458.sjeng,458.sjeng,458.sjeng,3.3970552965867067,3.397028985625404,3.3970483726100067,3.3970857624195077,3.397077453501823,3.3970959178185427,3.397043295045032,3.3970714526421064,0
Hydra-Baseline,ycsb_dserver,ycsb_dserver,ycsb_dserver,ycsb_dserver,ycsb_dserver,ycsb_dserver,ycsb_dserver,ycsb_dserver,1.8587891282546654,1.858825753004736,1.8587379942254214,1.858806403900341,1.8588375008717948,1.858752090352601,1.858812208589363,1.8588258912140736,0
Hydra-Baseline,525.x264,525.x264,525.x264,525.x264,525.x264,525.x264,525.x264,525.x264,3.3158644750482527,3.315810380741243,3.31582797219214,3.3158270926151623,3.3158504015627472,3.315829291558482,3.315846443416473,3.315855239309915,0
Hydra-Baseline,403.gcc,403.gcc,403.gcc,403.gcc,403.gcc,403.gcc,403.gcc,403.gcc,3.6838795200464935,3.6842285984265986,3.6839609476562196,3.684072237877892,3.6840391215482398,3.6838578066251677,3.6840602942149494,3.683685736813031,0
Hydra-Baseline,h264_decode,h264_decode,h264_decode,h264_decode,h264_decode,h264_decode,h264_decode,h264_decode,0.03791269463768928,0.037933313338329826,0.03795825083132821,0.03774790525322891,0.0367133985838902,0.03475875246416093,0.023933231514920453,0.005154747090153773,0
Hydra-Baseline,470.lbm,470.lbm,470.lbm,470.lbm,470.lbm,470.lbm,470.lbm,470.lbm,0.16949931549735428,0.16933616896005302,0.16933604164431149,0.1695560210855527,0.16924999592615259,0.16918138783850556,0.16926826459925748,0.16857917720252807,0
Hydra-Baseline,434.zeusmp,434.zeusmp,434.zeusmp,434.zeusmp,434.zeusmp,434.zeusmp,434.zeusmp,434.zeusmp,0.17573745499056237,0.17636937877103306,0.17592128251625191,0.17627457091243948,0.17622437541622876,0.17589306962168524,0.17654479021832264,0.17631063259183005,0
Hydra-Baseline,500.perlbench,500.perlbench,500.perlbench,500.perlbench,500.perlbench,500.perlbench,500.perlbench,500.perlbench,1.9531674203549108,1.9531860370636582,1.9531806961682892,1.9531748975149599,1.9531790176072057,1.9531851214795206,1.9531907675953777,1.9531945825570036,0
Hydra-Baseline,bfs_dblp,bfs_dblp,bfs_dblp,bfs_dblp,bfs_dblp,bfs_dblp,bfs_dblp,bfs_dblp,0.035848908505845,0.035904952553220924,0.03594521606298421,0.03541464528429923,0.03426972759487019,0.030609050312585744,0.00919086100104236,0.002821224507612976,0
Hydra-Baseline,549.fotonik3d,549.fotonik3d,549.fotonik3d,549.fotonik3d,549.fotonik3d,549.fotonik3d,549.fotonik3d,549.fotonik3d,0.23878185189920495,0.23885437188437164,0.23880996219638298,0.23874703113291845,0.23883256654386406,0.23874801381946084,0.23872941482808174,0.23874752361518606,0
Hydra-Baseline,526.blender,526.blender,526.blender,526.blender,526.blender,526.blender,526.blender,526.blender,3.1068443781650976,3.1070092513064664,3.10706717342518,3.1069049969347273,3.106923144415007,3.186713089003367,3.213460956577916,3.1070586780459584,0
Hydra-Baseline,507.cactuBSSN,507.cactuBSSN,507.cactuBSSN,507.cactuBSSN,507.cactuBSSN,507.cactuBSSN,507.cactuBSSN,507.cactuBSSN,1.5315133686108249,1.5322471213060433,1.5358858814673313,1.5331502343113503,1.5328725436713855,1.532114342306212,1.530280049206461,1.5340225021465577,0
Hydra-Baseline,tpcc64,tpcc64,tpcc64,tpcc64,tpcc64,tpcc64,tpcc64,tpcc64,1.340873979514449,1.3386647889661893,1.3431456751085342,1.3436198720949124,1.3476071886757872,1.3392955198421987,1.3389297024416187,1.3392103597885054,0
Hydra-Baseline,459.GemsFDTD,459.GemsFDTD,459.GemsFDTD,459.GemsFDTD,459.GemsFDTD,459.GemsFDTD,459.GemsFDTD,459.GemsFDTD,0.4936686891877928,0.4931735800758347,0.49439750722403747,0.49277316614367667,0.4956761475700855,0.4951500743428225,0.4931994989803298,0.4938972378046252,0
Hydra-Baseline,471.omnetpp,471.omnetpp,471.omnetpp,471.omnetpp,471.omnetpp,471.omnetpp,471.omnetpp,471.omnetpp,0.6791935494869521,0.6790876137380076,0.6404460373618286,0.6356509352891584,0.6362230703952325,0.635768164341493,0.638162435262569,0.6351803046949759,0
Hydra-Baseline,557.xz,557.xz,557.xz,557.xz,557.xz,557.xz,557.xz,557.xz,1.5532114074804153,1.554146559377506,1.5546502792431738,1.5499527450407091,1.5501791759098684,1.5504943286018449,1.5502153187069072,1.5501803293773557,0
Hydra-Baseline,544.nab,544.nab,544.nab,544.nab,544.nab,544.nab,544.nab,544.nab,2.7813607885536102,2.78136171687006,2.7813762605753487,2.7813969933543525,2.78137780778699,2.7814192737002235,2.7813966839076176,2.7814065862372885,0
Hydra-Baseline,433.milc,433.milc,433.milc,433.milc,433.milc,433.milc,433.milc,433.milc,0.27246857025997706,0.27236532792861745,0.2723961677563785,0.2724703134057084,0.2722918799914709,0.2723679006149141,0.2722450179025601,0.2721911926682058,0
Hydra-Baseline,481.wrf,481.wrf,481.wrf,481.wrf,481.wrf,481.wrf,481.wrf,481.wrf,3.638692399499316,3.6387347682562603,3.638777137999895,3.6387453605996654,3.6387559530047393,3.6387241759745232,3.638644735827115,3.638766545471482,0
Hydra-Baseline,ycsb_eserver,ycsb_eserver,ycsb_eserver,ycsb_eserver,ycsb_eserver,ycsb_eserver,ycsb_eserver,ycsb_eserver,1.6264334734061212,1.626455588296468,1.6264619371799245,1.6264554824821635,1.6264643709317246,1.6264622546253984,1.6264694500893777,1.6264738943783468,0
Hydra-Baseline,482.sphinx3,482.sphinx3,482.sphinx3,482.sphinx3,482.sphinx3,482.sphinx3,482.sphinx3,482.sphinx3,0.5236685622072169,0.516850654473512,0.5198450537356554,0.5238156778954309,0.5176903596633066,0.5207012921639954,0.5224376086200032,0.5218202585110084,0
REGA,502.gcc,502.gcc,502.gcc,502.gcc,502.gcc,502.gcc,502.gcc,502.gcc,2.4673381181927994,2.4673347090533717,2.4807205838385817,2.466408746082726,2.4674530604067053,2.467521007980358,2.4665442866053424,2.467388282333569,125
REGA,462.libquantum,462.libquantum,462.libquantum,462.libquantum,462.libquantum,462.libquantum,462.libquantum,462.libquantum,0.2734026010123639,0.2733662479417435,0.27301805681363794,0.2734148215221867,0.27338777161867933,0.27253347664960426,0.273386716281617,0.27098919728663934,125
REGA,wc_map0,wc_map0,wc_map0,wc_map0,wc_map0,wc_map0,wc_map0,wc_map0,1.356734139045278,1.3244595251526519,1.32809222102387,1.3027097195901696,1.3179259704112967,1.3232990565354115,1.3150208785864894,1.3122229208497054,125
REGA,523.xalancbmk,523.xalancbmk,523.xalancbmk,523.xalancbmk,523.xalancbmk,523.xalancbmk,523.xalancbmk,523.xalancbmk,1.9578440159045851,1.9575383313410812,1.9602045544019882,1.9607881584081537,1.9607884659834183,1.9597597052395979,1.9595679983420486,1.9613733410606213,125
REGA,464.h264ref,464.h264ref,464.h264ref,464.h264ref,464.h264ref,464.h264ref,464.h264ref,464.h264ref,2.7065805743082496,2.7070061107955947,2.706979144458159,2.7069979035925433,2.7106156491214297,2.7070061107955947,2.706542774851584,2.7069794375676337,125
REGA,ycsb_abgsave,ycsb_abgsave,ycsb_abgsave,ycsb_abgsave,ycsb_abgsave,ycsb_abgsave,ycsb_abgsave,ycsb_abgsave,1.600988052978872,1.598168217944629,1.6010070206079061,1.600216298036573,1.5996633796356965,1.5987050744689613,1.5986987359664626,1.5993957610766314,125
REGA,505.mcf,505.mcf,505.mcf,505.mcf,505.mcf,505.mcf,505.mcf,505.mcf,0.5429640385143939,0.5518526609904868,0.5628116231676317,0.5419125341898037,0.5516751461343328,0.5628709896764732,0.5410795259424799,0.5408853388636912,125
REGA,bfs_ny,bfs_ny,bfs_ny,bfs_ny,bfs_ny,bfs_ny,bfs_ny,bfs_ny,0.014766696429730879,0.014769809712323554,0.014739109151534627,0.0145951851113662,0.014190914162308345,0.013440295874372316,0.011721133607899075,0.005590862313241627,125
REGA,444.namd,444.namd,444.namd,444.namd,444.namd,444.namd,444.namd,444.namd,3.6380458687733572,3.6571506144817607,3.6380564571063685,3.638035280501979,3.6380246922922335,3.6380035160576383,3.63801410414412,3.6434342836673004,125
REGA,tpch17,tpch17,tpch17,tpch17,tpch17,tpch17,tpch17,tpch17,0.38716890650848124,0.38185655909665567,0.386791317853099,0.3859307792084455,0.3866282784995458,0.38697917247135427,0.3866080636885134,0.38569821752654354,125
REGA,437.leslie3d,437.leslie3d,437.leslie3d,437.leslie3d,437.leslie3d,437.leslie3d,437.leslie3d,437.leslie3d,0.12098857070335903,0.12089531101975026,0.12066791797045134,0.12078533931901671,0.12098273032983768,0.12094277212976376,0.11960448271094717,0.12079097214072188,125
REGA,tpch2,tpch2,tpch2,tpch2,tpch2,tpch2,tpch2,tpch2,0.3567896659555325,0.3570336864425055,0.3542188563874196,0.3565208911687465,0.35671062578173135,0.3565339531775939,0.3536677981961358,0.35712816897145044,125
REGA,429.mcf,429.mcf,429.mcf,429.mcf,429.mcf,429.mcf,429.mcf,429.mcf,0.04269106779723566,0.04275924380920423,0.04264977169773399,0.042627192731284756,0.04262365401213855,0.04265114960066104,0.04260908924752236,0.042566052595738334,125
REGA,473.astar,473.astar,473.astar,473.astar,473.astar,473.astar,473.astar,473.astar,0.3281075684651564,0.32766043463946953,0.3255347957241812,0.3266995764653623,0.32575695622707357,0.3282928475152473,0.32722306647227695,0.328503758674306,125
REGA,ycsb_aserver,ycsb_aserver,ycsb_aserver,ycsb_aserver,ycsb_aserver,ycsb_aserver,ycsb_aserver,ycsb_aserver,0.8862546093215976,0.8761952266706537,0.8889710693255198,0.8830483989290531,0.8812743650330073,0.8791629552802509,0.8904440712256952,0.8863077401574019,125
REGA,445.gobmk,445.gobmk,445.gobmk,445.gobmk,445.gobmk,445.gobmk,445.gobmk,445.gobmk,3.229028396979851,3.229036738300909,3.2290112974064065,3.2289574974907773,3.2289929468461263,3.229000870926115,3.2289658384455397,3.2290183874514664,125
REGA,510.parest,510.parest,510.parest,510.parest,510.parest,510.parest,510.parest,510.parest,0.23753128678973645,0.23536038405542606,0.23716555139249904,0.23876928378335852,0.23899034570775635,0.23618009866187442,0.23200996365860893,0.2359993993532087,125
REGA,538.imagick,538.imagick,538.imagick,538.imagick,538.imagick,538.imagick,538.imagick,538.imagick,3.9245161699485043,3.924503848525454,3.9244909111145194,3.924478589850074,3.9244662686629956,3.9244539475532836,3.9244416265209368,3.924429305565955,125
REGA,520.omnetpp,520.omnetpp,520.omnetpp,520.omnetpp,520.omnetpp,520.omnetpp,520.omnetpp,520.omnetpp,0.2119672881567339,0.21196643808205984,0.21194418041380422,0.21190715635472054,0.21200121943101416,0.21207571866628974,0.21195663485946492,0.21184614851414924,125
REGA,519.lbm,519.lbm,519.lbm,519.lbm,519.lbm,519.lbm,519.lbm,519.lbm,0.07396171997577453,0.07400112059008897,0.07398062569333162,0.07397596922597313,0.07398505832091218,0.07396567151999718,0.07399260043806638,0.07398207544520416,125
REGA,h264_encode,h264_encode,h264_encode,h264_encode,h264_encode,h264_encode,h264_encode,h264_encode,2.2591946964952663,2.2597828258313064,2.2530174662926057,2.264103918385031,2.259363548133436,2.260836505889841,2.2560045365544026,2.2497216194468095,125
REGA,bfs_cm2003,bfs_cm2003,bfs_cm2003,bfs_cm2003,bfs_cm2003,bfs_cm2003,bfs_cm2003,bfs_cm2003,0.014732871673888474,0.014736447000953399,0.014682990810207363,0.014548244752786656,0.014150764300949475,0.01340140306922171,0.011653846846228088,0.005389680129719408,125
REGA,435.gromacs,435.gromacs,435.gromacs,435.gromacs,435.gromacs,435.gromacs,435.gromacs,435.gromacs,3.158439983323437,3.158432002749099,3.1584479639381047,3.1580425997208796,3.158424022215091,3.1580346211545876,3.157746621905819,3.139810880399203,125
REGA,ycsb_cserver,ycsb_cserver,ycsb_cserver,ycsb_cserver,ycsb_cserver,ycsb_cserver,ycsb_cserver,ycsb_cserver,1.2176228602165546,1.2189209887126453,1.2139191072469855,1.2189215830202857,1.206008895907539,1.212307011028454,1.2102329553211038,1.2090172764216338,125
REGA,508.namd,508.namd,508.namd,508.namd,508.namd,508.namd,508.namd,508.namd,2.7164231357106527,2.7164051311806365,2.7164358275719542,2.7164429114530884,2.716435532411042,2.716377091814089,2.716397457191206,2.7163989329550366,125
REGA,jp2_decode,jp2_decode,jp2_decode,jp2_decode,jp2_decode,jp2_decode,jp2_decode,jp2_decode,0.34241642200670896,0.34324548020186846,0.3434121219643811,0.3416110939432558,0.3434178629845422,0.3419108648769356,0.3427546110469345,0.3409843771597098,125
REGA,483.xalancbmk,483.xalancbmk,483.xalancbmk,483.xalancbmk,483.xalancbmk,483.xalancbmk,483.xalancbmk,483.xalancbmk,0.22463107401076338,0.22460432780735712,0.22399426173292247,0.22407555010121807,0.22549390222546517,0.2248517424296668,0.22453689221074155,0.22538753267600833,125
REGA,jp2_encode,jp2_encode,jp2_encode,jp2_encode,jp2_encode,jp2_encode,jp2_encode,jp2_encode,2.754905329331301,2.7527040086747614,2.7527179511234006,2.7505425170060542,2.7526897632752867,2.7521276423590315,2.7443362114833785,2.716245462104519,125
REGA,541.leela,541.leela,541.leela,541.leela,541.leela,541.leela,541.leela,541.leela,3.4464618347087934,3.4464912926465385,3.4464575585983948,3.4464433049737,3.4464152731890674,3.4463767896173074,3.4464252505516693,3.4465183753884396,125
REGA,401.bzip2,401.bzip2,401.bzip2,401.bzip2,401.bzip2,401.bzip2,401.bzip2,401.bzip2,1.762479766732278,1.7625049905328807,1.761618242247453,1.7617616263230302,1.76280425208129,1.7601295455345514,1.7616438138010135,1.7616389725275925,125
REGA,ycsb_bserver,ycsb_bserver,ycsb_bserver,ycsb_bserver,ycsb_bserver,ycsb_bserver,ycsb_bserver,ycsb_bserver,1.1496105992993628,1.1502271675651399,1.1526233800339443,1.1432440950527896,1.1540992034130315,1.1528775593305378,1.1494993309683994,1.136715811589627,125
REGA,531.deepsjeng,531.deepsjeng,531.deepsjeng,531.deepsjeng,531.deepsjeng,531.deepsjeng,531.deepsjeng,531.deepsjeng,3.207684071346592,3.2077058846775843,3.2077750307818094,3.2077511585755634,3.2077342836096454,3.2077511585755634,3.2077285214668247,3.2077651525844066,125
REGA,450.soplex,450.soplex,450.soplex,450.soplex,450.soplex,450.soplex,450.soplex,450.soplex,0.13463167525521616,0.12980076905917262,0.13996553880475981,0.12882840465144127,0.1276267030430678,0.13219803214451203,0.13321572764703102,0.1316151553903803,125
REGA,grep_map0,grep_map0,grep_map0,grep_map0,grep_map0,grep_map0,grep_map0,grep_map0,0.03259347568939738,0.03254605540552207,0.03240932115981671,0.03211103459379813,0.03156191994517215,0.030253143053487485,0.02746657984121882,0.02462314752858872,125
REGA,511.povray,511.povray,511.povray,511.povray,511.povray,511.povray,511.povray,511.povray,3.02486414125196,3.0241209938713163,3.0235877335706407,3.036366562316869,3.0248648732363828,3.036312352495946,3.029892801180737,3.027435223482241,125
REGA,456.hmmer,456.hmmer,456.hmmer,456.hmmer,456.hmmer,456.hmmer,456.hmmer,456.hmmer,2.8256531327677203,2.8256777246738745,2.825676127783856,2.8256550490047703,2.824171063430317,2.8241589400502227,2.8241650017272595,2.8241413932370625,125
REGA,436.cactusADM,436.cactusADM,436.cactusADM,436.cactusADM,436.cactusADM,436.cactusADM,436.cactusADM,436.cactusADM,0.5453720058804191,0.5483491389854721,0.5451812886977856,0.5471878614996607,0.547186076994728,0.5487346617687342,0.548093902604415,0.547543605496672,125
REGA,tpch6,tpch6,tpch6,tpch6,tpch6,tpch6,tpch6,tpch6,2.3969585855413156,2.420887572915923,2.4106095361206217,2.4208732729005895,2.4104768193122004,2.420898122215846,2.410567929804262,2.4209110159294975,125
REGA,gups,gups,gups,gups,gups,gups,gups,gups,0.06363766112728063,0.06366054899655543,0.06365196288077225,0.06357323525193569,0.06356915596683771,0.06360097533672983,0.06364956589875825,0.06360089055188088,125
REGA,wc_8443,wc_8443,wc_8443,wc_8443,wc_8443,wc_8443,wc_8443,wc_8443,0.3483027347058876,0.34697830611131225,0.34522177233074286,0.3823981226393608,0.345992555070597,0.34830249692905174,0.3462778887536851,0.3209244184226945,125
REGA,447.dealII,447.dealII,447.dealII,447.dealII,447.dealII,447.dealII,447.dealII,447.dealII,3.524152568176846,3.5234095329368325,3.52337030382304,3.5248188842312715,3.524206718688657,3.5241967826902734,3.523379242025289,3.5243681865152032,125
REGA,458.sjeng,458.sjeng,458.sjeng,458.sjeng,458.sjeng,458.sjeng,458.sjeng,458.sjeng,3.354430914757336,3.3544111109903523,3.354406610166831,3.3543949080821998,3.3543670034406414,3.354387256763317,3.3544250636200257,3.3543769050345036,125
REGA,ycsb_dserver,ycsb_dserver,ycsb_dserver,ycsb_dserver,ycsb_dserver,ycsb_dserver,ycsb_dserver,ycsb_dserver,1.2272701589309947,1.233357201261892,1.2230907797546187,1.2333511774581687,1.2129006441278676,1.215056198779306,1.2333421114402545,1.209489597325112,125
REGA,525.x264,525.x264,525.x264,525.x264,525.x264,525.x264,525.x264,525.x264,3.2314792613355445,3.2339618775399535,3.231514348376119,3.235351783034721,3.2353467586419673,3.2314767551475163,3.2314684012154973,3.2314792613355445,125
REGA,403.gcc,403.gcc,403.gcc,403.gcc,403.gcc,403.gcc,403.gcc,403.gcc,3.5922977687232716,3.5944670512458856,3.595233640572413,3.595212959563489,3.590492032410941,3.59522330003821,3.5915623569211346,3.5915422340944243,125
REGA,h264_decode,h264_decode,h264_decode,h264_decode,h264_decode,h264_decode,h264_decode,h264_decode,0.01560234911414711,0.015594500694643623,0.01559317474940304,0.015565412759269688,0.01535570985308594,0.014813826883991884,0.013674819937642635,0.009962781622242074,125
REGA,470.lbm,470.lbm,470.lbm,470.lbm,470.lbm,470.lbm,470.lbm,470.lbm,0.07837114220560369,0.07916444800384691,0.07907300827301032,0.07916280658266729,0.07846543848837852,0.0783803433185073,0.07912600979743317,0.07902406668467994,125
REGA,434.zeusmp,434.zeusmp,434.zeusmp,434.zeusmp,434.zeusmp,434.zeusmp,434.zeusmp,434.zeusmp,0.08750741944781901,0.08707799205492738,0.08725647885987027,0.08712935152080711,0.08769948185532449,0.08730052010122935,0.08728739775136769,0.08691912172594313,125
REGA,500.perlbench,500.perlbench,500.perlbench,500.perlbench,500.perlbench,500.perlbench,500.perlbench,500.perlbench,1.3919282415336243,1.3871276221220223,1.401706953873805,1.4049013298458812,1.3844359276407396,1.3759831606080017,1.4054824835842457,1.4024988153092508,125
REGA,bfs_dblp,bfs_dblp,bfs_dblp,bfs_dblp,bfs_dblp,bfs_dblp,bfs_dblp,bfs_dblp,0.014723343163995704,0.01472742613435564,0.014682151556833627,0.014535444806001423,0.01415144872042946,0.013396584589415323,0.011657431596508889,0.005477941690519026,125
REGA,549.fotonik3d,549.fotonik3d,549.fotonik3d,549.fotonik3d,549.fotonik3d,549.fotonik3d,549.fotonik3d,549.fotonik3d,0.11881903555282745,0.11777997005562041,0.11889023724684755,0.11580647592778034,0.11655709584773459,0.11894242410217311,0.11717628037115446,0.11897389658932629,125
REGA,526.blender,526.blender,526.blender,526.blender,526.blender,526.blender,526.blender,526.blender,2.7088281685190174,2.6872603971448394,2.706730903526264,2.7090010569438525,2.7368910581609054,2.7682074693988503,2.689544578340732,2.7003118320103607,125
REGA,507.cactuBSSN,507.cactuBSSN,507.cactuBSSN,507.cactuBSSN,507.cactuBSSN,507.cactuBSSN,507.cactuBSSN,507.cactuBSSN,0.9727677179328483,0.9716520891647034,0.96801399113214,0.9710475567822001,0.9712927813675896,0.9690385966522584,0.9720264398967864,0.9745133952518356,125
REGA,tpcc64,tpcc64,tpcc64,tpcc64,tpcc64,tpcc64,tpcc64,tpcc64,0.7631285118792552,0.7579784508545571,0.7647959411239282,0.7629471598971534,0.7585074575694721,0.7604750572090176,0.7658003371665725,0.7629498607967461,125
REGA,459.GemsFDTD,459.GemsFDTD,459.GemsFDTD,459.GemsFDTD,459.GemsFDTD,459.GemsFDTD,459.GemsFDTD,459.GemsFDTD,0.2833440752850195,0.28274279785670103,0.2842897956474914,0.2821712117620338,0.282764784025898,0.28254355609523135,0.2837866188888056,0.28363259105474087,125
REGA,471.omnetpp,471.omnetpp,471.omnetpp,471.omnetpp,471.omnetpp,471.omnetpp,471.omnetpp,471.omnetpp,0.3087557079513351,0.3094317214647141,0.30887263834436357,0.3086321219423785,0.30904700621034903,0.3091895194102811,0.30928489460121317,0.31597804539039787,125
REGA,557.xz,557.xz,557.xz,557.xz,557.xz,557.xz,557.xz,557.xz,0.7804977465156864,0.7786793119203375,0.7786792634130228,0.7791926392351795,0.7791925906638889,0.7785800785961018,0.7798262565816166,0.7798674899072668,125
REGA,544.nab,544.nab,544.nab,544.nab,544.nab,544.nab,544.nab,544.nab,2.7024578746271417,2.7024569982339983,2.702510459255979,2.7024733576664035,2.7024692677897337,2.7025119199693255,2.7025367523378026,2.702527403627873,125
REGA,433.milc,433.milc,433.milc,433.milc,433.milc,433.milc,433.milc,433.milc,0.15089504694794578,0.1509668946508323,0.1512400778946897,0.15066974903223163,0.1511455822458837,0.15085602132968975,0.15100659790108079,0.150864549516856,125
REGA,481.wrf,481.wrf,481.wrf,481.wrf,481.wrf,481.wrf,481.wrf,481.wrf,3.6150336234277316,3.6149918048135783,3.615012713999715,3.614960441487889,3.615002259376412,3.6149708958693174,3.6149813503112136,3.615023168683488,125
REGA,ycsb_eserver,ycsb_eserver,ycsb_eserver,ycsb_eserver,ycsb_eserver,ycsb_eserver,ycsb_eserver,ycsb_eserver,0.9068173366644241,0.8983974637592752,0.9041963790117792,0.9194911565363445,0.9021660465477984,0.8970935389385604,0.9188061987811484,0.9052869263459281,125
REGA,482.sphinx3,482.sphinx3,482.sphinx3,482.sphinx3,482.sphinx3,482.sphinx3,482.sphinx3,482.sphinx3,0.31457715689922,0.32201090192381293,0.32175662437042846,0.3212235275675637,0.31181708939252145,0.32021433559361534,0.31739452510186966,0.3177302772425435,125
REGA,502.gcc,502.gcc,502.gcc,502.gcc,502.gcc,502.gcc,502.gcc,502.gcc,2.632743451366594,2.632746778413077,2.6341126864978124,2.632803062223773,2.6341273963052045,2.6318437939649506,2.6328959496371236,2.632910645858247,250
REGA,462.libquantum,462.libquantum,462.libquantum,462.libquantum,462.libquantum,462.libquantum,462.libquantum,462.libquantum,0.2900933795503917,0.29016198478504296,0.2901660800379027,0.2901620555080012,0.2880783986233448,0.2898504348568104,0.29014079975941987,0.28919295638859166,250
REGA,wc_map0,wc_map0,wc_map0,wc_map0,wc_map0,wc_map0,wc_map0,wc_map0,1.7906727865654846,1.8032278788839635,1.8153911329180734,1.7707639784108455,1.8140763325587954,1.7683661089381428,1.7869852151276446,1.7671240148548686,250
REGA,523.xalancbmk,523.xalancbmk,523.xalancbmk,523.xalancbmk,523.xalancbmk,523.xalancbmk,523.xalancbmk,523.xalancbmk,2.154950602498329,2.1551872771536353,2.154791052928305,2.154585846370445,2.1546450829835697,2.1547709948172584,2.1546571535393175,2.154449187488269,250
REGA,464.h264ref,464.h264ref,464.h264ref,464.h264ref,464.h264ref,464.h264ref,464.h264ref,464.h264ref,2.785317632609251,2.7846158661397284,2.7852602246345795,2.7853135984580506,2.7846589795227317,2.7844359829766265,2.7846943396966197,2.784505452340126,250
REGA,ycsb_abgsave,ycsb_abgsave,ycsb_abgsave,ycsb_abgsave,ycsb_abgsave,ycsb_abgsave,ycsb_abgsave,ycsb_abgsave,1.8945967616036474,1.8946511799394938,1.8771829760828869,1.88933899661438,1.8946918162500592,1.8945111918627562,1.8733881836414994,1.8898201586662768,250
REGA,505.mcf,505.mcf,505.mcf,505.mcf,505.mcf,505.mcf,505.mcf,505.mcf,0.7335572482600976,0.7183755287962268,0.7185415744418556,0.7184304421393364,0.7202082957624673,0.7042718142137715,0.7188522953773283,0.7186371030094136,250
REGA,bfs_ny,bfs_ny,bfs_ny,bfs_ny,bfs_ny,bfs_ny,bfs_ny,bfs_ny,0.02484034684313983,0.02484120833885421,0.024683550489682692,0.02436376548096195,0.023557575783314907,0.02198481071362459,0.01662419670942233,0.002061758523102239,250
REGA,444.namd,444.namd,444.namd,444.namd,444.namd,444.namd,444.namd,444.namd,3.6607342759382426,3.6589490649409306,3.6589008691060414,3.659396275729947,3.685654371716819,3.6607449967499908,3.6589383546456737,3.6607557176245327,250
REGA,tpch17,tpch17,tpch17,tpch17,tpch17,tpch17,tpch17,tpch17,0.5355428660934616,0.5357306867265951,0.5361923624845678,0.5366426237891786,0.5357763477502248,0.5378845075470468,0.5354674925717272,0.5360007704689475,250
REGA,437.leslie3d,437.leslie3d,437.leslie3d,437.leslie3d,437.leslie3d,437.leslie3d,437.leslie3d,437.leslie3d,0.17515763994922026,0.17428356123639407,0.17492579752624415,0.17454000940491388,0.17509391091874563,0.17515219376966693,0.17509259877141586,0.17488194541809968,250
REGA,tpch2,tpch2,tpch2,tpch2,tpch2,tpch2,tpch2,tpch2,0.5187002972297939,0.5185862343565869,0.5203902318923401,0.5190382826858545,0.5191756164063067,0.5197832412402178,0.5194026279736917,0.5191277283666238,250
REGA,429.mcf,429.mcf,429.mcf,429.mcf,429.mcf,429.mcf,429.mcf,429.mcf,0.07039068213875634,0.07061579831836498,0.07052742757493324,0.0704434112650201,0.07038552016015713,0.0703576844525058,0.07029640899820691,0.07024092758977689,250
REGA,473.astar,473.astar,473.astar,473.astar,473.astar,473.astar,473.astar,473.astar,0.4825174285295185,0.4822514491463146,0.48185837896981915,0.4831265352070346,0.4811114120088795,0.4801749035165359,0.4833216897916118,0.48208192129931643,250
REGA,ycsb_aserver,ycsb_aserver,ycsb_aserver,ycsb_aserver,ycsb_aserver,ycsb_aserver,ycsb_aserver,ycsb_aserver,1.2748645762355248,1.2760010087553575,1.2731677054187343,1.2761599387769926,1.2757955657020428,1.2633862085729346,1.2765495498835224,1.2761592222003517,250
REGA,445.gobmk,445.gobmk,445.gobmk,445.gobmk,445.gobmk,445.gobmk,445.gobmk,445.gobmk,3.3338934274291416,3.333878755897798,3.3338707532987653,3.333797842499388,3.3338365203921447,3.333809401315841,3.3338271842668963,3.3338182927676545,250
REGA,510.parest,510.parest,510.parest,510.parest,510.parest,510.parest,510.parest,510.parest,0.35792483598488106,0.3559082571584077,0.35111320511905636,0.3541531318193514,0.3578836661064499,0.3567767990502202,0.3559129085668422,0.35646888142873984,250
REGA,538.imagick,538.imagick,538.imagick,538.imagick,538.imagick,538.imagick,538.imagick,538.imagick,3.9245161699485043,3.924503848525454,3.9244915271797725,3.924479205911459,3.9244662686629956,3.9244539475532836,3.9244416265209368,3.924429305565955,250
REGA,520.omnetpp,520.omnetpp,520.omnetpp,520.omnetpp,520.omnetpp,520.omnetpp,520.omnetpp,520.omnetpp,0.3339148571876208,0.33391871064208684,0.33405483387165824,0.3340201187799592,0.3340877658717213,0.33394373349975665,0.33405847183108056,0.33391534778452175,250
REGA,519.lbm,519.lbm,519.lbm,519.lbm,519.lbm,519.lbm,519.lbm,519.lbm,0.11644636473919116,0.1164617820530018,0.11644938918568992,0.11649104825704579,0.11649653846146497,0.11649325480756013,0.11649099126238352,0.11649090061384507,250
REGA,h264_encode,h264_encode,h264_encode,h264_encode,h264_encode,h264_encode,h264_encode,h264_encode,2.3772438804988028,2.373721798286059,2.3806476580521503,2.372952818009611,2.3772698767100295,2.3737813006802306,2.376273837234557,2.369754725646386,250
REGA,bfs_cm2003,bfs_cm2003,bfs_cm2003,bfs_cm2003,bfs_cm2003,bfs_cm2003,bfs_cm2003,bfs_cm2003,0.024852340218230826,0.024853392472265708,0.024726225935034943,0.024373715241970625,0.023579809151570482,0.022006732415776182,0.016697154513138277,0.002062483741224107,250
REGA,435.gromacs,435.gromacs,435.gromacs,435.gromacs,435.gromacs,435.gromacs,435.gromacs,435.gromacs,3.252844514942982,3.2528703327816464,3.2528783744872327,3.252836473404809,3.252861444626995,3.252853403005116,3.2528280086707384,3.2528195439807224,250
REGA,ycsb_cserver,ycsb_cserver,ycsb_cserver,ycsb_cserver,ycsb_cserver,ycsb_cserver,ycsb_cserver,ycsb_cserver,1.5918911864689758,1.5916057946419802,1.5919130815457476,1.5919109528312965,1.5919094323244596,1.5916078212117648,1.5919336594122886,1.5919326457118237,250
REGA,508.namd,508.namd,508.namd,508.namd,508.namd,508.namd,508.namd,508.namd,2.7728679529224696,2.772907627681027,2.7729380765215557,2.772838735802927,2.772904244517802,2.7729251587499655,2.7728753341869354,2.7729300797916174,250
REGA,jp2_decode,jp2_decode,jp2_decode,jp2_decode,jp2_decode,jp2_decode,jp2_decode,jp2_decode,0.4776893653315911,0.473428153670158,0.4759098887849988,0.4728305691847391,0.4728470154738051,0.4713865000487602,0.47280714034099836,0.47196676024949447,250
REGA,483.xalancbmk,483.xalancbmk,483.xalancbmk,483.xalancbmk,483.xalancbmk,483.xalancbmk,483.xalancbmk,483.xalancbmk,0.35083250799985827,0.35078003306733213,0.3509291600500728,0.35109043422513814,0.3507836654415103,0.3497978616101156,0.34987237915149116,0.350199369201285,250
REGA,jp2_encode,jp2_encode,jp2_encode,jp2_encode,jp2_encode,jp2_encode,jp2_encode,jp2_encode,2.810083433625211,2.809437011298432,2.808593983025532,2.809449640053312,2.8000819864005617,2.8000299267198567,2.796278265479777,2.7748105803305445,250
REGA,541.leela,541.leela,541.leela,541.leela,541.leela,541.leela,541.leela,541.leela,3.4676078956599556,3.46758817591269,3.46761414830958,3.4676242487912208,3.4676252107449224,3.4675655706246706,3.4675872139795363,3.4676213629333192,250
REGA,401.bzip2,401.bzip2,401.bzip2,401.bzip2,401.bzip2,401.bzip2,401.bzip2,401.bzip2,2.2000757706095397,2.1971844750812037,2.2018357673600217,2.201451090889462,2.2000521500361643,2.200083902399702,2.2000438248729917,2.201296598917508,250
REGA,ycsb_bserver,ycsb_bserver,ycsb_bserver,ycsb_bserver,ycsb_bserver,ycsb_bserver,ycsb_bserver,ycsb_bserver,1.5077262830283273,1.5077951198341282,1.507801121755785,1.4936129822928597,1.5078249480373367,1.5061366937130662,1.473037029381609,1.5061453138638146,250
REGA,531.deepsjeng,531.deepsjeng,531.deepsjeng,531.deepsjeng,531.deepsjeng,531.deepsjeng,531.deepsjeng,531.deepsjeng,3.2356394555428314,3.235600091218038,3.235667513678137,3.2356742142003387,3.235652856382571,3.2356578817260915,3.235581665692972,3.2356189357221004,250
REGA,450.soplex,450.soplex,450.soplex,450.soplex,450.soplex,450.soplex,450.soplex,450.soplex,0.19907792361438997,0.19668781186524417,0.1951547052236576,0.19839357390199513,0.2071813927043161,0.1990084016332158,0.24324896787760186,0.19647273906166318,250
REGA,grep_map0,grep_map0,grep_map0,grep_map0,grep_map0,grep_map0,grep_map0,grep_map0,0.055000920286398414,0.054910069868978596,0.0543069907716565,0.053768202063415406,0.052469327438590486,0.04959966670611163,0.04384706739912854,0.03872089212885902,250
REGA,511.povray,511.povray,511.povray,511.povray,511.povray,511.povray,511.povray,511.povray,3.059604772493908,3.059409697912663,3.058681664157732,3.0597965015021154,3.058772228403661,3.0595950368962685,3.0597040042346304,3.0594239251601274,250
REGA,456.hmmer,456.hmmer,456.hmmer,456.hmmer,456.hmmer,456.hmmer,456.hmmer,456.hmmer,2.8875869336922255,2.891840982985333,2.8932000655946317,2.8931937039475892,2.887575260317797,2.891851018313283,2.89182225055951,2.8814657209311973,250
REGA,436.cactusADM,436.cactusADM,436.cactusADM,436.cactusADM,436.cactusADM,436.cactusADM,436.cactusADM,436.cactusADM,0.7917833662973863,0.793143332992599,0.7934130971619708,0.7939879990937103,0.7942587924527751,0.7939821740838946,0.7942546793514434,0.7920868621463114,250
REGA,tpch6,tpch6,tpch6,tpch6,tpch6,tpch6,tpch6,tpch6,2.6108128170440543,2.610809545203243,2.610811999083083,2.6107877331407336,2.6108275404291867,2.6107691931741543,2.610737566780056,2.6107408384404645,250
REGA,gups,gups,gups,gups,gups,gups,gups,gups,0.09732888884466265,0.09748618839079565,0.097309177811636,0.09730210909171524,0.09739948479334765,0.09747417547462486,0.09735522725702742,0.09734096262206712,250
REGA,wc_8443,wc_8443,wc_8443,wc_8443,wc_8443,wc_8443,wc_8443,wc_8443,0.5418752407687164,0.5284182377086906,0.6142250944807183,0.5261292517320333,0.5190698152638833,0.519330876649008,0.5098306670854892,0.4300341861696774,250
REGA,447.dealII,447.dealII,447.dealII,447.dealII,447.dealII,447.dealII,447.dealII,447.dealII,3.5708240819232744,3.5708852867385175,3.570875085790274,3.5708342825801136,3.570864884900312,3.5708143913532586,3.5708546840686317,3.570804190810064,250
REGA,458.sjeng,458.sjeng,458.sjeng,458.sjeng,458.sjeng,458.sjeng,458.sjeng,458.sjeng,3.3762399409995316,3.3762741383343244,3.3762285420418783,3.376212583630474,3.376259547386748,3.376270034617572,3.376208480063354,3.3762522519602522,250
REGA,ycsb_dserver,ycsb_dserver,ycsb_dserver,ycsb_dserver,ycsb_dserver,ycsb_dserver,ycsb_dserver,ycsb_dserver,1.6485050861327422,1.6291321144036524,1.6237143348710774,1.6494620081724904,1.6487102337686457,1.6465370921008964,1.6518610361992132,1.6458045578121439,250
REGA,525.x264,525.x264,525.x264,525.x264,525.x264,525.x264,525.x264,525.x264,3.2924446823199145,3.292477203217093,3.2924312405367293,3.292440779855425,3.2924581242128554,3.2924663628466506,3.292494981579149,3.2924537881063665,250
REGA,403.gcc,403.gcc,403.gcc,403.gcc,403.gcc,403.gcc,403.gcc,403.gcc,3.6452692279203127,3.6489249610258323,3.6452479672639235,3.6489143093342293,3.648133709645622,3.645061415639792,3.648210902780433,3.6448626608459667,250
REGA,h264_decode,h264_decode,h264_decode,h264_decode,h264_decode,h264_decode,h264_decode,h264_decode,0.02596844104595849,0.025954717039811285,0.025951379546478758,0.02588441659791084,0.025385600081107195,0.024314080696984715,0.021944058228288158,0.013120039727900138,250
REGA,470.lbm,470.lbm,470.lbm,470.lbm,470.lbm,470.lbm,470.lbm,470.lbm,0.12428986241370754,0.12436174814891518,0.1242874748213462,0.12359303970075891,0.12435924025816222,0.12345116623699488,0.12430869634253036,0.12307275511393266,250
REGA,434.zeusmp,434.zeusmp,434.zeusmp,434.zeusmp,434.zeusmp,434.zeusmp,434.zeusmp,434.zeusmp,0.12961054855668674,0.12966063465685826,0.1297083636632562,0.12992748559933123,0.12991404014081934,0.1296839320383988,0.12979158067974447,0.1295790602975269,250
REGA,500.perlbench,500.perlbench,500.perlbench,500.perlbench,500.perlbench,500.perlbench,500.perlbench,500.perlbench,1.91778545795451,1.9177886945129075,1.917793696488282,1.917778396410471,1.9177691282128386,1.9177842810268921,1.9177810444833916,1.9177713349184353,250
REGA,bfs_dblp,bfs_dblp,bfs_dblp,bfs_dblp,bfs_dblp,bfs_dblp,bfs_dblp,bfs_dblp,0.02485569519100679,0.024853545364111627,0.024723186496269905,0.024353886591024464,0.02356775924840847,0.0219859752958634,0.01664289109844438,0.0020618440725915384,250
REGA,549.fotonik3d,549.fotonik3d,549.fotonik3d,549.fotonik3d,549.fotonik3d,549.fotonik3d,549.fotonik3d,549.fotonik3d,0.18638460463165743,0.1864506659070617,0.18644381767999144,0.18641336341627454,0.18643958106936642,0.1864271295798453,0.18642263238167536,0.18642705867952,250
REGA,526.blender,526.blender,526.blender,526.blender,526.blender,526.blender,526.blender,526.blender,3.0385424525097084,3.0156386193779148,3.0587187125192257,3.080214831431547,3.0585510664861713,3.0144088744197264,3.014434317284887,3.0385982192842085,250
REGA,507.cactuBSSN,507.cactuBSSN,507.cactuBSSN,507.cactuBSSN,507.cactuBSSN,507.cactuBSSN,507.cactuBSSN,507.cactuBSSN,1.2729863138695423,1.2721313323962644,1.2701113882607058,1.2769973848115157,1.2722511639571448,1.2765261495615823,1.2714207699907267,1.2739894766430846,250
REGA,tpcc64,tpcc64,tpcc64,tpcc64,tpcc64,tpcc64,tpcc64,tpcc64,1.0757177963654163,1.0748104163402825,1.0786618000897965,1.0771442527525021,1.0738595901095127,1.0768597907015311,1.074403287158345,1.0771417930498675,250
REGA,459.GemsFDTD,459.GemsFDTD,459.GemsFDTD,459.GemsFDTD,459.GemsFDTD,459.GemsFDTD,459.GemsFDTD,459.GemsFDTD,0.40165777337446606,0.4027652119506818,0.40347476990761866,0.40300037324282567,0.4022667829764752,0.40261186880785965,0.40369020645621423,0.4020295868689289,250
REGA,471.omnetpp,471.omnetpp,471.omnetpp,471.omnetpp,471.omnetpp,471.omnetpp,471.omnetpp,471.omnetpp,0.47100438595516164,0.4717547682849082,0.47185135806464845,0.5177869768042205,0.47421599434567613,0.47117520651939127,0.48280721573537466,0.4713758877657782,250
REGA,557.xz,557.xz,557.xz,557.xz,557.xz,557.xz,557.xz,557.xz,1.1317662987701864,1.1299219002502234,1.1303768522694215,1.1312009893031372,1.1302072944844619,1.130044887643027,1.1360926266316107,1.1301842001333797,250
REGA,544.nab,544.nab,544.nab,544.nab,544.nab,544.nab,544.nab,544.nab,2.755303380393548,2.7553155271618452,2.755291841062864,2.755312186789887,2.7553094537643092,2.7553273703640513,2.7553595600947225,2.7553258519991046,250
REGA,433.milc,433.milc,433.milc,433.milc,433.milc,433.milc,433.milc,433.milc,0.2136592074961222,0.21348397035541092,0.21358652232819836,0.21372428988694106,0.2135131207186189,0.2138094439751137,0.21355311422584497,0.21340656763833665,250
REGA,481.wrf,481.wrf,481.wrf,481.wrf,481.wrf,481.wrf,481.wrf,481.wrf,3.6314074914193473,3.6314285909345307,3.6313547437040663,3.6314391407840683,3.6313969417537004,3.6314180411462904,3.6313072720704684,3.6313863921493494,250
REGA,ycsb_eserver,ycsb_eserver,ycsb_eserver,ycsb_eserver,ycsb_eserver,ycsb_eserver,ycsb_eserver,ycsb_eserver,1.2846799348410336,1.2688611128987954,1.2665296045215715,1.2740290153483296,1.2821422812778096,1.267441130654828,1.2665693873826789,1.2572655490179423,250
REGA,482.sphinx3,482.sphinx3,482.sphinx3,482.sphinx3,482.sphinx3,482.sphinx3,482.sphinx3,482.sphinx3,0.4359606273843123,0.42849987643777565,0.4348167663884135,0.4332500563181748,0.4320924387452796,0.43581571933258484,0.42951570781036,0.43331627396050504,250
REGA,502.gcc,502.gcc,502.gcc,502.gcc,502.gcc,502.gcc,502.gcc,502.gcc,2.6970770373665998,2.6970755825224755,2.695185611503656,2.697286551307677,2.6970261187561015,2.6970371752052524,2.6970968234025148,2.6970886761760977,500
REGA,462.libquantum,462.libquantum,462.libquantum,462.libquantum,462.libquantum,462.libquantum,462.libquantum,462.libquantum,0.2939031288938858,0.2939433040979283,0.2939410058049821,0.2931129936521105,0.2939279355952632,0.293879514759311,0.2932290904698657,0.2925859492877393,500
REGA,wc_map0,wc_map0,wc_map0,wc_map0,wc_map0,wc_map0,wc_map0,wc_map0,2.0514517221198685,2.117419194625211,2.100295318324119,2.0902115227174223,2.0542551800714897,2.0495551276631,2.0815912149523528,2.073213975916883,500
REGA,523.xalancbmk,523.xalancbmk,523.xalancbmk,523.xalancbmk,523.xalancbmk,523.xalancbmk,523.xalancbmk,523.xalancbmk,2.2120910418807234,2.2119299646347788,2.2120334976195863,2.2119424898491746,2.211853250791689,2.2116843816687815,2.2117544308518866,2.2115241461725463,500
REGA,464.h264ref,464.h264ref,464.h264ref,464.h264ref,464.h264ref,464.h264ref,464.h264ref,464.h264ref,2.821554191051949,2.8216086464923906,2.82151183827365,2.8216484544307723,2.8216121495458952,2.821584443814918,2.8215261680187234,2.8216306203354917,500
REGA,ycsb_abgsave,ycsb_abgsave,ycsb_abgsave,ycsb_abgsave,ycsb_abgsave,ycsb_abgsave,ycsb_abgsave,ycsb_abgsave,1.99818341149694,2.003867946064211,2.0038632881104137,2.003912278018621,2.0038785470052995,1.998334188620366,2.0039121173920575,2.0039371754473447,500
REGA,505.mcf,505.mcf,505.mcf,505.mcf,505.mcf,505.mcf,505.mcf,505.mcf,0.7912913888126084,0.7440813463062627,0.7873697576252273,0.7442598660129802,0.7437209794495911,0.7887974357141921,0.7444313335197985,0.775472920609688,500
REGA,bfs_ny,bfs_ny,bfs_ny,bfs_ny,bfs_ny,bfs_ny,bfs_ny,bfs_ny,0.03379232374330795,0.033829224203467574,0.03381332634993467,0.03323097077773174,0.03199225576517533,0.029282908573948836,0.016410464848406855,0.0026825196772429795,500
REGA,444.namd,444.namd,444.namd,444.namd,444.namd,444.namd,444.namd,444.namd,3.663742853320003,3.668371579041742,3.6637535917608335,3.663775068831342,3.663764330264613,3.668382344633369,3.6667171206942473,3.6683931102881844,500
REGA,tpch17,tpch17,tpch17,tpch17,tpch17,tpch17,tpch17,tpch17,0.6265075337530934,0.6264112889737757,0.6257427096656699,0.6339721321066057,0.6257834809181094,0.6261104852093294,0.6259428107100617,0.6258712440653011,500
REGA,437.leslie3d,437.leslie3d,437.leslie3d,437.leslie3d,437.leslie3d,437.leslie3d,437.leslie3d,437.leslie3d,0.20861843302238867,0.2080427582791552,0.20849422659054137,0.20844548568986304,0.20849550808937553,0.2084839090993144,0.20793903067923308,0.2085398833986779,500
REGA,tpch2,tpch2,tpch2,tpch2,tpch2,tpch2,tpch2,tpch2,0.6317480004733561,0.6257047468990511,0.6260942248768172,0.6263678150569352,0.6269259478581175,0.6257485986923306,0.6280110618370841,0.6255394339308503,500
REGA,429.mcf,429.mcf,429.mcf,429.mcf,429.mcf,429.mcf,429.mcf,429.mcf,0.09526785945786613,0.0953503900281006,0.09540590495691226,0.09522603726379958,0.09514597762101908,0.09495482816510915,0.0945690553777361,0.09357801063480403,500
REGA,473.astar,473.astar,473.astar,473.astar,473.astar,473.astar,473.astar,473.astar,0.6300580588420294,0.6233205407181026,0.6286862072734166,0.6287122155589625,0.6306922975643597,0.6277162695344362,0.6249832973213791,0.628136205557322,500
REGA,ycsb_aserver,ycsb_aserver,ycsb_aserver,ycsb_aserver,ycsb_aserver,ycsb_aserver,ycsb_aserver,ycsb_aserver,1.4573095733580492,1.4574454211466352,1.4573049011204051,1.4573072797103712,1.4573109325600804,1.4573128014670127,1.457321296558938,1.457351624845047,500
REGA,445.gobmk,445.gobmk,445.gobmk,445.gobmk,445.gobmk,445.gobmk,445.gobmk,445.gobmk,3.3553840223592055,3.355323677338117,3.3553574522690335,3.3553957313460803,3.3553322335896403,3.3553772672116424,3.355314220479308,3.3553700617508886,500
REGA,510.parest,510.parest,510.parest,510.parest,510.parest,510.parest,510.parest,510.parest,0.44123011638397375,0.4410235910575234,0.43584304134482055,0.43698366119838716,0.4375155514902777,0.4400359181958443,0.43500151658928743,0.440520670058018,500
REGA,538.imagick,538.imagick,538.imagick,538.imagick,538.imagick,538.imagick,538.imagick,538.imagick,3.924515553875514,3.9245032324563325,3.9244909111145194,3.924478589850074,3.9244662686629956,3.9244539475532836,3.9244416265209368,3.924429305565955,500
REGA,520.omnetpp,520.omnetpp,520.omnetpp,520.omnetpp,520.omnetpp,520.omnetpp,520.omnetpp,520.omnetpp,0.44430134386761155,0.4446893358498955,0.44444407308673006,0.4443744505309919,0.4444743605320707,0.44436956126095656,0.4443629423559771,0.4442585035031471,500
REGA,519.lbm,519.lbm,519.lbm,519.lbm,519.lbm,519.lbm,519.lbm,519.lbm,0.155512326308205,0.15546119572269787,0.15547334553459127,0.15543471673816592,0.1554988366292338,0.1554759377789277,0.15545844156531402,0.1554963635496023,500
REGA,h264_encode,h264_encode,h264_encode,h264_encode,h264_encode,h264_encode,h264_encode,h264_encode,2.4045057745167977,2.4037869837050163,2.399092490485439,2.4073836188907585,2.4045601232365916,2.4000473865356,2.3982041479914513,2.3977795410515683,500
REGA,bfs_cm2003,bfs_cm2003,bfs_cm2003,bfs_cm2003,bfs_cm2003,bfs_cm2003,bfs_cm2003,bfs_cm2003,0.03381014217062,0.0338479950312768,0.03382205558783901,0.03324838641025722,0.032026695034324607,0.029286355775724703,0.016272487092297106,0.0026768940013207998,500
REGA,435.gromacs,435.gromacs,435.gromacs,435.gromacs,435.gromacs,435.gromacs,435.gromacs,435.gromacs,3.2731874233664993,3.2731788523842162,3.2736811877124863,3.2736979062999567,3.2732019941393973,3.2736897613257554,3.27317028144682,3.2731274274331286,500
REGA,ycsb_cserver,ycsb_cserver,ycsb_cserver,ycsb_cserver,ycsb_cserver,ycsb_cserver,ycsb_cserver,ycsb_cserver,1.6247802647169998,1.6248082482545823,1.624793147584381,1.6247946259592787,1.62478976845186,1.6247973715197979,1.6247866005278866,1.6247953651477365,500
REGA,508.namd,508.namd,508.namd,508.namd,508.namd,508.namd,508.namd,508.namd,2.7827062597533856,2.7827263928797823,2.7826790030618374,2.7827263928797823,2.7826790030618374,2.782685507451086,2.78273692416964,2.7827270123652146,500
REGA,jp2_decode,jp2_decode,jp2_decode,jp2_decode,jp2_decode,jp2_decode,jp2_decode,jp2_decode,0.5523398940634177,0.5572520164442841,0.5532665198356338,0.5520837584378273,0.5506008211220166,0.550747299096693,0.5501021605724442,0.5498349505445456,500
REGA,483.xalancbmk,483.xalancbmk,483.xalancbmk,483.xalancbmk,483.xalancbmk,483.xalancbmk,483.xalancbmk,483.xalancbmk,0.46135050876073247,0.4622317123939557,0.46040965040726917,0.4629030941627846,0.4611706913924501,0.46072795459124255,0.46167926377005036,0.4623453722890009,500
REGA,jp2_encode,jp2_encode,jp2_encode,jp2_encode,jp2_encode,jp2_encode,jp2_encode,jp2_encode,2.825321662871318,2.825366045948815,2.8253679617965046,2.822629039591437,2.821883821914298,2.821875221869939,2.8105601513835152,2.795926759691996,500
REGA,541.leela,541.leela,541.leela,541.leela,541.leela,541.leela,541.leela,541.leela,3.47722459616209,3.4772366872950258,3.477283118026917,3.477255065978133,3.477321327580082,3.4772241125185213,3.4772337854154522,3.4773097195257616,500
REGA,401.bzip2,401.bzip2,401.bzip2,401.bzip2,401.bzip2,401.bzip2,401.bzip2,401.bzip2,2.415694204807579,2.4157383225866798,2.4157516282649123,2.415720815338629,2.415750927962404,2.415730152506011,2.4157306193662746,2.4157019077957504,500
REGA,ycsb_bserver,ycsb_bserver,ycsb_bserver,ycsb_bserver,ycsb_bserver,ycsb_bserver,ycsb_bserver,ycsb_bserver,1.5918256062085783,1.5918599667530495,1.5918596626709292,1.5918629062195357,1.5918317889699682,1.5918799350665807,1.5918699001661976,1.5919000052469023,500
REGA,531.deepsjeng,531.deepsjeng,531.deepsjeng,531.deepsjeng,531.deepsjeng,531.deepsjeng,531.deepsjeng,531.deepsjeng,3.240299579953485,3.240319739198329,3.240284460684462,3.2403907185359033,3.2402924402810864,3.2403974386343255,3.2403831584584952,3.2403365387606464,500
REGA,450.soplex,450.soplex,450.soplex,450.soplex,450.soplex,450.soplex,450.soplex,450.soplex,0.28215974686252754,0.27851999953520584,0.2618999753709263,0.2758854153406924,0.2578444666706375,0.2816167618296641,0.2596399213868477,0.26026831101825804,500
REGA,grep_map0,grep_map0,grep_map0,grep_map0,grep_map0,grep_map0,grep_map0,grep_map0,0.07510128271639056,0.0751330692307776,0.07498760439901764,0.07395570506467186,0.0722607067330665,0.06747305350253646,0.05750800576999445,0.0506797683409139,500
REGA,511.povray,511.povray,511.povray,511.povray,511.povray,511.povray,511.povray,511.povray,3.076956402727808,3.065215274973106,3.0648830845179513,3.0649634950587883,3.0642106568834184,3.0649852892966054,3.064693723090457,3.0642568533636654,500
REGA,456.hmmer,456.hmmer,456.hmmer,456.hmmer,456.hmmer,456.hmmer,456.hmmer,456.hmmer,2.915330862065668,2.9153359615670094,2.91532644251227,2.915332561897466,2.9084712249235976,2.908452276428146,2.9084681796130343,2.9084045679169472,500
REGA,436.cactusADM,436.cactusADM,436.cactusADM,436.cactusADM,436.cactusADM,436.cactusADM,436.cactusADM,436.cactusADM,0.9849149636239387,0.9856724233616034,0.9871824234143876,0.9868264978230212,0.9849151188331609,0.9833684467982526,0.9837550560091104,0.9856891731704082,500
REGA,tpch6,tpch6,tpch6,tpch6,tpch6,tpch6,tpch6,tpch6,2.652971673160257,2.6527802463371737,2.652942394327203,2.653207053412985,2.6527557569574887,2.652763920033811,2.6529528107610556,2.653094989184393,500
REGA,gups,gups,gups,gups,gups,gups,gups,gups,0.10507442917769962,0.1050804563856063,0.1051102536767861,0.10509765983539024,0.10515002664901245,0.10507133744906168,0.10511175669070283,0.10506115824346114,500
REGA,wc_8443,wc_8443,wc_8443,wc_8443,wc_8443,wc_8443,wc_8443,wc_8443,0.7366666142160038,0.6841794530455988,0.6835801905460641,0.7251605113785516,0.6675849609343968,0.666704375466143,0.6369986012020317,0.43573923439989054,500
REGA,447.dealII,447.dealII,447.dealII,447.dealII,447.dealII,447.dealII,447.dealII,447.dealII,3.5792651167398795,3.579274853231835,3.579295351282784,3.5793163620286648,3.5793260987994224,3.5792851022279617,3.579336860555049,3.579305600396301,500
REGA,458.sjeng,458.sjeng,458.sjeng,458.sjeng,458.sjeng,458.sjeng,458.sjeng,458.sjeng,3.3945045686636988,3.3949982712668803,3.3945225441104627,3.3937585251214153,3.3937783355037676,3.3937732677095234,3.39457094049032,3.3947147550190517,500
REGA,ycsb_dserver,ycsb_dserver,ycsb_dserver,ycsb_dserver,ycsb_dserver,ycsb_dserver,ycsb_dserver,ycsb_dserver,1.8497254896389845,1.8497213838668336,1.8497320589123383,1.8497627161382992,1.8496658208761423,1.8497378070647998,1.8497417760480637,1.8497439658392243,500
REGA,525.x264,525.x264,525.x264,525.x264,525.x264,525.x264,525.x264,525.x264,3.3068734952898877,3.306861247673458,3.306889679779322,3.3068573109588724,3.3068406893784013,3.306859060608642,3.3068371901195937,3.3068319412452682,500
REGA,403.gcc,403.gcc,403.gcc,403.gcc,403.gcc,403.gcc,403.gcc,403.gcc,3.678618793415979,3.6788353219400296,3.6574994612503295,3.657304163065441,3.6575208650592788,3.657379069492543,3.6574218745428224,3.6575106982187924,500
REGA,h264_decode,h264_decode,h264_decode,h264_decode,h264_decode,h264_decode,h264_decode,h264_decode,0.03577295520056663,0.03576705663402674,0.03578075321711515,0.035624294826880586,0.03472972389081837,0.03295984602552161,0.02770229582410972,0.0112091504761062,500
REGA,470.lbm,470.lbm,470.lbm,470.lbm,470.lbm,470.lbm,470.lbm,470.lbm,0.16378501885031263,0.16388192813145522,0.16358833231739525,0.16358516171868773,0.16383387305563024,0.16305837931541584,0.16367740440633977,0.1626586935625896,500
REGA,434.zeusmp,434.zeusmp,434.zeusmp,434.zeusmp,434.zeusmp,434.zeusmp,434.zeusmp,434.zeusmp,0.16484431278878664,0.1650678633602561,0.1645873718548234,0.16519872074604058,0.16469268647737864,0.16510213244329283,0.16511161902086907,0.1647548155410687,500
REGA,500.perlbench,500.perlbench,500.perlbench,500.perlbench,500.perlbench,500.perlbench,500.perlbench,500.perlbench,1.9458458642563916,1.9458420779476315,1.9458526796492919,1.9458499534864027,1.945825872712633,1.945836625688904,1.9458420779476315,1.9458313249111008,500
REGA,bfs_dblp,bfs_dblp,bfs_dblp,bfs_dblp,bfs_dblp,bfs_dblp,bfs_dblp,bfs_dblp,0.033818145075689504,0.03385609954312968,0.03387068855568315,0.033272663426478874,0.03205016892426134,0.029352528850861846,0.016441113367022583,0.002673321515764441,500
REGA,549.fotonik3d,549.fotonik3d,549.fotonik3d,549.fotonik3d,549.fotonik3d,549.fotonik3d,549.fotonik3d,549.fotonik3d,0.22994588582292738,0.2299002129161048,0.22984740688086275,0.22994502924932964,0.22989232735368983,0.22993570041283942,0.22984125976619646,0.22984422022967102,500
REGA,526.blender,526.blender,526.blender,526.blender,526.blender,526.blender,526.blender,526.blender,3.102022543514552,3.1021984535912974,3.199429528917276,3.1025372425468056,3.1022565814373375,3.1013648858753546,3.1025380126059843,3.182304553674149,500
REGA,507.cactuBSSN,507.cactuBSSN,507.cactuBSSN,507.cactuBSSN,507.cactuBSSN,507.cactuBSSN,507.cactuBSSN,507.cactuBSSN,1.451336007042579,1.450254978029217,1.4465775162159893,1.4465969356794974,1.4485724897542467,1.4497637436008153,1.4482177855394527,1.4522145604027443,500
REGA,tpcc64,tpcc64,tpcc64,tpcc64,tpcc64,tpcc64,tpcc64,tpcc64,1.2765306470498967,1.2827175057896738,1.2765249111283357,1.2750790191969776,1.2773072972463708,1.280818477845606,1.2771911440179124,1.2750316768869805,500
REGA,459.GemsFDTD,459.GemsFDTD,459.GemsFDTD,459.GemsFDTD,459.GemsFDTD,459.GemsFDTD,459.GemsFDTD,459.GemsFDTD,0.47678078529190016,0.47946992260243076,0.475854495724809,0.4772376355555325,0.47464402267871925,0.47498407995859204,0.47773340950824394,0.47913087958271916,500
REGA,471.omnetpp,471.omnetpp,471.omnetpp,471.omnetpp,471.omnetpp,471.omnetpp,471.omnetpp,471.omnetpp,0.5984167281699433,0.5990889390904119,0.5984436157197254,0.5991874682385703,0.6137469195428361,0.5987343904555799,0.5987212559313518,0.5992182742206903,500
REGA,557.xz,557.xz,557.xz,557.xz,557.xz,557.xz,557.xz,557.xz,1.4268457605416078,1.427486457293231,1.4364263826020496,1.4276660435570632,1.4294889971374196,1.427661804050562,1.4268631879627995,1.4267300500051763,500
REGA,544.nab,544.nab,544.nab,544.nab,544.nab,544.nab,544.nab,544.nab,2.773015585678639,2.773065722877781,2.7730743355852545,2.773079872354024,2.773108171739698,2.7731020196502008,2.7730875623473277,2.7731004816320914,500
REGA,433.milc,433.milc,433.milc,433.milc,433.milc,433.milc,433.milc,433.milc,0.2592906026914468,0.25926678337336223,0.2593334658976855,0.25921528213857087,0.2591340932692842,0.25912989777532836,0.25899618053152645,0.2594502253875242,500
REGA,481.wrf,481.wrf,481.wrf,481.wrf,481.wrf,481.wrf,481.wrf,481.wrf,3.6356127170824353,3.6355704209990547,3.635623291257053,3.6356444397908194,3.635633865493181,3.635602142969327,3.635591568917728,3.635580994927637,500
REGA,ycsb_eserver,ycsb_eserver,ycsb_eserver,ycsb_eserver,ycsb_eserver,ycsb_eserver,ycsb_eserver,ycsb_eserver,1.6085157138152004,1.6085448993459464,1.6085255457019425,1.6085502811906747,1.6085497637040398,1.6085500741959806,1.608552661633484,1.608541587459398,500
REGA,482.sphinx3,482.sphinx3,482.sphinx3,482.sphinx3,482.sphinx3,482.sphinx3,482.sphinx3,482.sphinx3,0.5038509428330922,0.5020681089128717,0.5038423318532528,0.503243636730803,0.5001862193294564,0.502533876311136,0.5004330647655868,0.49460060348395873,500
REGA,502.gcc,502.gcc,502.gcc,502.gcc,502.gcc,502.gcc,502.gcc,502.gcc,2.7042700098943833,2.703978103401637,2.70412346378746,2.7042741052233055,2.703990386773377,2.704309501083022,2.704264744489709,2.7040193408768984,1000
REGA,462.libquantum,462.libquantum,462.libquantum,462.libquantum,462.libquantum,462.libquantum,462.libquantum,462.libquantum,0.294526064620126,0.29455094536067006,0.2943951612551851,0.29447002721515547,0.294347431978781,0.2933586350853501,0.2936374151572862,0.2938136881568462,1000
REGA,wc_map0,wc_map0,wc_map0,wc_map0,wc_map0,wc_map0,wc_map0,wc_map0,2.1947182087166484,2.17162528345139,2.209952174866974,2.171652447699877,2.139538657270041,2.166111463417107,2.1378685792324026,2.139028465249643,1000
REGA,523.xalancbmk,523.xalancbmk,523.xalancbmk,523.xalancbmk,523.xalancbmk,523.xalancbmk,523.xalancbmk,523.xalancbmk,2.2238593780772655,2.2236884729860096,2.2235007845844867,2.2235553671957096,2.223361966974537,2.223267058928049,2.223343775637933,2.223267058928049,1000
REGA,464.h264ref,464.h264ref,464.h264ref,464.h264ref,464.h264ref,464.h264ref,464.h264ref,464.h264ref,2.827424525012472,2.827356095208615,2.827467695050597,2.827500952867821,2.8274485082042378,2.8275546786868655,2.8275361302566724,2.827572907553635,1000
REGA,ycsb_abgsave,ycsb_abgsave,ycsb_abgsave,ycsb_abgsave,ycsb_abgsave,ycsb_abgsave,ycsb_abgsave,ycsb_abgsave,2.0329262493388924,2.032941954058927,2.032895005933207,2.0265929527256663,2.0266798622441375,2.032919967518818,2.0329574937049473,2.032989730962271,1000
REGA,505.mcf,505.mcf,505.mcf,505.mcf,505.mcf,505.mcf,505.mcf,505.mcf,0.8047562510809888,0.772227844898964,0.7565322703227794,0.7852645176091799,0.743633751453804,0.7565785412052042,0.7721777797874991,0.7494440848611725,1000
REGA,bfs_ny,bfs_ny,bfs_ny,bfs_ny,bfs_ny,bfs_ny,bfs_ny,bfs_ny,0.035833589760890565,0.03588830028950144,0.0359346317942645,0.03541174135379699,0.03426123084209102,0.030567997634046766,0.00919128991881487,0.002834256404143463,1000
REGA,444.namd,444.namd,444.namd,444.namd,444.namd,444.namd,444.namd,444.namd,3.6559579757867366,3.6559045124536924,3.6558617429130753,3.655813628376016,3.6559152049952086,3.6559258975992703,3.6558243203859146,3.6567440672618576,1000
REGA,tpch17,tpch17,tpch17,tpch17,tpch17,tpch17,tpch17,tpch17,0.651268864523676,0.6405983290889423,0.6402650061982774,0.6406062246323138,0.6506195941481816,0.6401965208699328,0.642282258029087,0.6410138726683889,1000
REGA,437.leslie3d,437.leslie3d,437.leslie3d,437.leslie3d,437.leslie3d,437.leslie3d,437.leslie3d,437.leslie3d,0.21305606909643535,0.2131940256484693,0.21313799662218902,0.21307667582930465,0.21313812927146394,0.2130539883067449,0.21314092039586477,0.21305691522323875,1000
REGA,tpch2,tpch2,tpch2,tpch2,tpch2,tpch2,tpch2,tpch2,0.6497093057629969,0.6611677433607056,0.6500557149752191,0.649868451028669,0.6510590791061001,0.6503005949470083,0.6500521315807443,0.6497089511805576,1000
REGA,429.mcf,429.mcf,429.mcf,429.mcf,429.mcf,429.mcf,429.mcf,429.mcf,0.09590947692206601,0.09576115837171127,0.09568581994287151,0.09549957270435186,0.09526320407833817,0.09477865777065592,0.09363647700800504,0.09117375206583311,1000
REGA,473.astar,473.astar,473.astar,473.astar,473.astar,473.astar,473.astar,473.astar,0.6947366197895448,0.7003519913080155,0.6944581214113356,0.7004388193167914,0.6990793795687285,0.6970073987335376,0.6973762335016475,0.6986998174576857,1000
REGA,ycsb_aserver,ycsb_aserver,ycsb_aserver,ycsb_aserver,ycsb_aserver,ycsb_aserver,ycsb_aserver,ycsb_aserver,1.491771834094684,1.4916743686786569,1.4918943292440112,1.4918145626760528,1.4918973562683708,1.4917756617636178,1.477016297102419,1.4917702318204973,1000
REGA,445.gobmk,445.gobmk,445.gobmk,445.gobmk,445.gobmk,445.gobmk,445.gobmk,445.gobmk,3.3628854741103553,3.362831191792755,3.3628759745782717,3.362894521333665,3.362818526170799,3.3628592374380393,3.362838429333851,3.3628691892310707,1000
REGA,510.parest,510.parest,510.parest,510.parest,510.parest,510.parest,510.parest,510.parest,0.4529721587004265,0.45130551583615713,0.4524050440267017,0.4501937832128213,0.4518859087856725,0.45286093537339334,0.45006209956849846,0.44937270895188364,1000
REGA,538.imagick,538.imagick,538.imagick,538.imagick,538.imagick,538.imagick,538.imagick,538.imagick,3.924515553875514,3.9245032324563325,3.9244909111145194,3.924478589850074,3.9244662686629956,3.9244539475532836,3.9244416265209368,3.924429305565955,1000
REGA,520.omnetpp,520.omnetpp,520.omnetpp,520.omnetpp,520.omnetpp,520.omnetpp,520.omnetpp,520.omnetpp,0.4890136817030289,0.48890262422785896,0.48883971117942004,0.488849786120397,0.48876289146339635,0.4887274142200793,0.4887345417418691,0.48871411516423013,1000
REGA,519.lbm,519.lbm,519.lbm,519.lbm,519.lbm,519.lbm,519.lbm,519.lbm,0.16648879558708793,0.1665272345233818,0.16643232994610255,0.1664387797989578,0.16650051025746374,0.16649540283549397,0.16645642110971037,0.16646604179309762,1000
REGA,h264_encode,h264_encode,h264_encode,h264_encode,h264_encode,h264_encode,h264_encode,h264_encode,2.4267368155388813,2.4269462482857267,2.425536278794633,2.425692311991381,2.4263060490042,2.4226886145457835,2.4218688166661773,2.419774552508672,1000
REGA,bfs_cm2003,bfs_cm2003,bfs_cm2003,bfs_cm2003,bfs_cm2003,bfs_cm2003,bfs_cm2003,bfs_cm2003,0.03583668257593186,0.0358928379181404,0.03593726489167484,0.03540227609871194,0.03425033710860049,0.030548831272405513,0.009236939140047778,0.0028293050726441228,1000
REGA,435.gromacs,435.gromacs,435.gromacs,435.gromacs,435.gromacs,435.gromacs,435.gromacs,435.gromacs,3.2754564545096745,3.275405387098545,3.275413969745394,3.2754397179558166,3.2754311351740295,3.2754225524372225,3.275465037424153,3.275448300782583,1000
REGA,ycsb_cserver,ycsb_cserver,ycsb_cserver,ycsb_cserver,ycsb_cserver,ycsb_cserver,ycsb_cserver,ycsb_cserver,1.6314960708027528,1.6315114027963453,1.6315009684916049,1.6315303552422409,1.6314987325865247,1.6314974549292303,1.6315069309351138,1.6315155552608676,1000
REGA,508.namd,508.namd,508.namd,508.namd,508.namd,508.namd,508.namd,508.namd,2.782813433286055,2.782802281897871,2.7828487466049245,2.782789581814626,2.7827908208420347,2.7828481270652907,2.782842860989541,2.782835116796703,1000
REGA,jp2_decode,jp2_decode,jp2_decode,jp2_decode,jp2_decode,jp2_decode,jp2_decode,jp2_decode,0.5728539892795647,0.5726079868232367,0.5711480104710164,0.5653150669331909,0.5655788315878855,0.5653075888337913,0.5654266866966432,0.5653494559540423,1000
REGA,483.xalancbmk,483.xalancbmk,483.xalancbmk,483.xalancbmk,483.xalancbmk,483.xalancbmk,483.xalancbmk,483.xalancbmk,0.5023110931547174,0.5056417381446884,0.5011752057399396,0.5015379661732703,0.5021260519164193,0.5022973372394385,0.5005405537656337,0.500553261519958,1000
REGA,jp2_encode,jp2_encode,jp2_encode,jp2_encode,jp2_encode,jp2_encode,jp2_encode,jp2_encode,2.8354254425446968,2.8357049278880235,2.834978187677824,2.8340654669122856,2.833124758688599,2.8313853402192626,2.8235806481269607,2.8065577804573545,1000
REGA,541.leela,541.leela,541.leela,541.leela,541.leela,541.leela,541.leela,541.leela,3.4772966605572884,3.4772308835407224,3.4772129887535805,3.477252164067884,3.4772768304593873,3.477275379485494,3.47726619001229,3.477296176893673,1000
REGA,401.bzip2,401.bzip2,401.bzip2,401.bzip2,401.bzip2,401.bzip2,401.bzip2,401.bzip2,2.439132663937765,2.438997025887027,2.439169788560079,2.43920834224864,2.43916122123924,2.438991553089334,2.4389941705112532,2.4391804977957614,1000
REGA,ycsb_bserver,ycsb_bserver,ycsb_bserver,ycsb_bserver,ycsb_bserver,ycsb_bserver,ycsb_bserver,ycsb_bserver,1.5994362818813235,1.599454803437881,1.5994566453840833,1.5994393517229193,1.5994654458522726,1.599452040526532,1.5994907221540662,1.5994382261129658,1000
REGA,531.deepsjeng,531.deepsjeng,531.deepsjeng,531.deepsjeng,531.deepsjeng,531.deepsjeng,531.deepsjeng,531.deepsjeng,3.2471471214820085,3.247121816164588,3.2471062114154488,3.2471542913936515,3.2470534937776065,3.24712055090907,3.2471391080888186,3.2471348905293413,1000
REGA,450.soplex,450.soplex,450.soplex,450.soplex,450.soplex,450.soplex,450.soplex,450.soplex,0.28814188604377977,0.2922166095593591,0.29403709127359423,0.28096169186229975,0.3005229616432086,0.28067457326939566,0.2802822365885679,0.28071625628626157,1000
REGA,grep_map0,grep_map0,grep_map0,grep_map0,grep_map0,grep_map0,grep_map0,grep_map0,0.0796316725536451,0.079713724166173,0.07960809381221572,0.07883825909204903,0.07696987910935296,0.07248845663371413,0.05872956156051906,0.05233783620232289,1000
REGA,511.povray,511.povray,511.povray,511.povray,511.povray,511.povray,511.povray,511.povray,3.0646554027913373,3.0650292544782225,3.064129910283502,3.065071341987542,3.065166043109721,3.0641588283441066,3.064995810763726,3.063557294893614,1000
REGA,456.hmmer,456.hmmer,456.hmmer,456.hmmer,456.hmmer,456.hmmer,456.hmmer,456.hmmer,2.926810650921518,2.926729788033351,2.9182036845473176,2.918207772191161,2.9268188745163872,2.9268397763613434,2.926831895302774,2.9182016407296905,1000
REGA,436.cactusADM,436.cactusADM,436.cactusADM,436.cactusADM,436.cactusADM,436.cactusADM,436.cactusADM,436.cactusADM,1.049682038714289,1.0497845632119376,1.0457547835542762,1.0488661274683648,1.0468031114505731,1.0488665235117696,1.0468037250971152,1.0497831525928678,1000
REGA,tpch6,tpch6,tpch6,tpch6,tpch6,tpch6,tpch6,tpch6,2.6594612995191693,2.659478840016178,2.6685373469273608,2.6594443250649435,2.6594963807445655,2.6594675235400107,2.6594901565886526,2.6594709184727487,1000
REGA,gups,gups,gups,gups,gups,gups,gups,gups,0.09930899963855894,0.09929442927549927,0.099255869219895,0.09928123365272437,0.09930619449161092,0.09929256154898652,0.09923352619766083,0.09925242438735925,1000
REGA,wc_8443,wc_8443,wc_8443,wc_8443,wc_8443,wc_8443,wc_8443,wc_8443,0.7163867743539266,0.813662182172974,0.7089466974738982,0.7175724832881674,0.6939059348886412,0.6975016523116642,0.6287662627564414,0.06519740234772195,1000
REGA,447.dealII,447.dealII,447.dealII,447.dealII,447.dealII,447.dealII,447.dealII,447.dealII,3.5793061128535175,3.579275365680247,3.5793158495685136,3.5793260987994224,3.579264604294402,3.5792958637370655,3.579336348089028,3.579285614679309,1000
REGA,458.sjeng,458.sjeng,458.sjeng,458.sjeng,458.sjeng,458.sjeng,458.sjeng,458.sjeng,3.3970552965867067,3.397028985625404,3.3970483726100067,3.3970857624195077,3.397077453501823,3.3970959178185427,3.397043295045032,3.3970714526421064,1000
REGA,ycsb_dserver,ycsb_dserver,ycsb_dserver,ycsb_dserver,ycsb_dserver,ycsb_dserver,ycsb_dserver,ycsb_dserver,1.8587891282546654,1.858825753004736,1.8587379942254214,1.858806403900341,1.8588375008717948,1.858752090352601,1.858812208589363,1.8588258912140736,1000
REGA,525.x264,525.x264,525.x264,525.x264,525.x264,525.x264,525.x264,525.x264,3.3158644750482527,3.315810380741243,3.31582797219214,3.3158270926151623,3.3158504015627472,3.315829291558482,3.315846443416473,3.315855239309915,1000
REGA,403.gcc,403.gcc,403.gcc,403.gcc,403.gcc,403.gcc,403.gcc,403.gcc,3.6838795200464935,3.6842285984265986,3.6839609476562196,3.684072237877892,3.6840391215482398,3.6838578066251677,3.6840602942149494,3.683685736813031,1000
REGA,h264_decode,h264_decode,h264_decode,h264_decode,h264_decode,h264_decode,h264_decode,h264_decode,0.03791269463768928,0.037933313338329826,0.03795825083132821,0.03774790525322891,0.0367133985838902,0.03475875246416093,0.023933231514920453,0.005154747090153773,1000
REGA,470.lbm,470.lbm,470.lbm,470.lbm,470.lbm,470.lbm,470.lbm,470.lbm,0.16949931549735428,0.16933616896005302,0.16933604164431149,0.1695560210855527,0.16924999592615259,0.16918138783850556,0.16926826459925748,0.16857917720252807,1000
REGA,434.zeusmp,434.zeusmp,434.zeusmp,434.zeusmp,434.zeusmp,434.zeusmp,434.zeusmp,434.zeusmp,0.17573745499056237,0.17636937877103306,0.17592128251625191,0.17627457091243948,0.17622437541622876,0.17589306962168524,0.17654479021832264,0.17631063259183005,1000
REGA,500.perlbench,500.perlbench,500.perlbench,500.perlbench,500.perlbench,500.perlbench,500.perlbench,500.perlbench,1.9531674203549108,1.9531860370636582,1.9531806961682892,1.9531748975149599,1.9531790176072057,1.9531851214795206,1.9531907675953777,1.9531945825570036,1000
REGA,bfs_dblp,bfs_dblp,bfs_dblp,bfs_dblp,bfs_dblp,bfs_dblp,bfs_dblp,bfs_dblp,0.035848908505845,0.035904952553220924,0.03594521606298421,0.03541464528429923,0.03426972759487019,0.030609050312585744,0.00919086100104236,0.002821224507612976,1000
REGA,549.fotonik3d,549.fotonik3d,549.fotonik3d,549.fotonik3d,549.fotonik3d,549.fotonik3d,549.fotonik3d,549.fotonik3d,0.23878185189920495,0.23885437188437164,0.23880996219638298,0.23874703113291845,0.23883256654386406,0.23874801381946084,0.23872941482808174,0.23874752361518606,1000
REGA,526.blender,526.blender,526.blender,526.blender,526.blender,526.blender,526.blender,526.blender,3.1068443781650976,3.1070092513064664,3.10706717342518,3.1069049969347273,3.106923144415007,3.186713089003367,3.213460956577916,3.1070586780459584,1000
REGA,507.cactuBSSN,507.cactuBSSN,507.cactuBSSN,507.cactuBSSN,507.cactuBSSN,507.cactuBSSN,507.cactuBSSN,507.cactuBSSN,1.5315133686108249,1.5322471213060433,1.5358858814673313,1.5331502343113503,1.5328725436713855,1.532114342306212,1.530280049206461,1.5340225021465577,1000
REGA,tpcc64,tpcc64,tpcc64,tpcc64,tpcc64,tpcc64,tpcc64,tpcc64,1.340873979514449,1.3386647889661893,1.3431456751085342,1.3436198720949124,1.3476071886757872,1.3392955198421987,1.3389297024416187,1.3392103597885054,1000
REGA,459.GemsFDTD,459.GemsFDTD,459.GemsFDTD,459.GemsFDTD,459.GemsFDTD,459.GemsFDTD,459.GemsFDTD,459.GemsFDTD,0.4936686891877928,0.4931735800758347,0.49439750722403747,0.49277316614367667,0.4956761475700855,0.4951500743428225,0.4931994989803298,0.4938972378046252,1000
REGA,471.omnetpp,471.omnetpp,471.omnetpp,471.omnetpp,471.omnetpp,471.omnetpp,471.omnetpp,471.omnetpp,0.6791935494869521,0.6790876137380076,0.6404460373618286,0.6356509352891584,0.6362230703952325,0.635768164341493,0.638162435262569,0.6351803046949759,1000
REGA,557.xz,557.xz,557.xz,557.xz,557.xz,557.xz,557.xz,557.xz,1.5532114074804153,1.554146559377506,1.5546502792431738,1.5499527450407091,1.5501791759098684,1.5504943286018449,1.5502153187069072,1.5501803293773557,1000
REGA,544.nab,544.nab,544.nab,544.nab,544.nab,544.nab,544.nab,544.nab,2.7813607885536102,2.78136171687006,2.7813762605753487,2.7813969933543525,2.78137780778699,2.7814192737002235,2.7813966839076176,2.7814065862372885,1000
REGA,433.milc,433.milc,433.milc,433.milc,433.milc,433.milc,433.milc,433.milc,0.27246857025997706,0.27236532792861745,0.2723961677563785,0.2724703134057084,0.2722918799914709,0.2723679006149141,0.2722450179025601,0.2721911926682058,1000
REGA,481.wrf,481.wrf,481.wrf,481.wrf,481.wrf,481.wrf,481.wrf,481.wrf,3.638692399499316,3.6387347682562603,3.638777137999895,3.6387453605996654,3.6387559530047393,3.6387241759745232,3.638644735827115,3.638766545471482,1000
REGA,ycsb_eserver,ycsb_eserver,ycsb_eserver,ycsb_eserver,ycsb_eserver,ycsb_eserver,ycsb_eserver,ycsb_eserver,1.6264334734061212,1.626455588296468,1.6264619371799245,1.6264554824821635,1.6264643709317246,1.6264622546253984,1.6264694500893777,1.6264738943783468,1000
REGA,482.sphinx3,482.sphinx3,482.sphinx3,482.sphinx3,482.sphinx3,482.sphinx3,482.sphinx3,482.sphinx3,0.5236685622072169,0.516850654473512,0.5198450537356554,0.5238156778954309,0.5176903596633066,0.5207012921639954,0.5224376086200032,0.5218202585110084,1000
Graphene,502.gcc,502.gcc,502.gcc,502.gcc,502.gcc,502.gcc,502.gcc,502.gcc,2.7042700098943833,2.703978103401637,2.70412346378746,2.7042741052233055,2.703990386773377,2.704309501083022,2.704264744489709,2.7040193408768984,125
Graphene,462.libquantum,462.libquantum,462.libquantum,462.libquantum,462.libquantum,462.libquantum,462.libquantum,462.libquantum,0.294292221204442,0.2943412563798762,0.2943114113045649,0.2941945356659979,0.29424546382659844,0.2932467490636074,0.29404847302039394,0.2939030217839039,125
Graphene,wc_map0,wc_map0,wc_map0,wc_map0,wc_map0,wc_map0,wc_map0,wc_map0,2.1918156027286875,2.169659567395918,2.2037040562963526,2.168777566789457,2.1420499572318303,2.159143189798964,2.141265265080075,2.140459155886815,125
Graphene,523.xalancbmk,523.xalancbmk,523.xalancbmk,523.xalancbmk,523.xalancbmk,523.xalancbmk,523.xalancbmk,523.xalancbmk,2.2238593780772655,2.2236884729860096,2.2235007845844867,2.2235553671957096,2.223361966974537,2.223267058928049,2.223343775637933,2.223267058928049,125
Graphene,464.h264ref,464.h264ref,464.h264ref,464.h264ref,464.h264ref,464.h264ref,464.h264ref,464.h264ref,2.827424525012472,2.827356095208615,2.827467695050597,2.827500952867821,2.8274485082042378,2.8275546786868655,2.8275361302566724,2.827572907553635,125
Graphene,ycsb_abgsave,ycsb_abgsave,ycsb_abgsave,ycsb_abgsave,ycsb_abgsave,ycsb_abgsave,ycsb_abgsave,ycsb_abgsave,2.036095079124691,2.0361270843018513,2.036138692645842,2.0291800967951374,2.020497543479087,2.0362114965641376,2.0292571806685817,2.0362017116800275,125
Graphene,505.mcf,505.mcf,505.mcf,505.mcf,505.mcf,505.mcf,505.mcf,505.mcf,0.7857160344936882,0.7691521500479244,0.7689882421697772,0.7533895144934966,0.7482868645693862,0.7690945803289294,0.7534775475294391,0.7535385492086142,125
Graphene,bfs_ny,bfs_ny,bfs_ny,bfs_ny,bfs_ny,bfs_ny,bfs_ny,bfs_ny,0.03414452791928666,0.03419435943141586,0.03421865938514035,0.033916106418827585,0.03267644810783851,0.029696714428331994,0.010984999465177725,0.0027506646665665523,125
Graphene,444.namd,444.namd,444.namd,444.namd,444.namd,444.namd,444.namd,444.namd,3.6559579757867366,3.6559045124536924,3.6558617429130753,3.655813628376016,3.6559152049952086,3.6559258975992703,3.6558243203859146,3.6567440672618576,125
Graphene,tpch17,tpch17,tpch17,tpch17,tpch17,tpch17,tpch17,tpch17,0.6373420653615193,0.6432420386769088,0.6284386592336618,0.6292733481115242,0.6298573655243187,0.6288683262921043,0.6294298485956854,0.6285836180649501,125
Graphene,437.leslie3d,437.leslie3d,437.leslie3d,437.leslie3d,437.leslie3d,437.leslie3d,437.leslie3d,437.leslie3d,0.20699749226678069,0.20705291465820508,0.20679395739123005,0.20670521283427043,0.20698524704372287,0.20683845151634303,0.2069383378550464,0.20641055025419872,125
Graphene,tpch2,tpch2,tpch2,tpch2,tpch2,tpch2,tpch2,tpch2,0.6369564366639056,0.644414816828826,0.637210855697459,0.6374477936631467,0.6376284221899996,0.6445841089184193,0.6380875261086273,0.637600174957488,125
Graphene,429.mcf,429.mcf,429.mcf,429.mcf,429.mcf,429.mcf,429.mcf,429.mcf,0.09366647806983752,0.09351481841423481,0.0934231772319735,0.09325268204784859,0.09299382858731765,0.09266354438212937,0.09172772516577145,0.08945763780795238,125
Graphene,473.astar,473.astar,473.astar,473.astar,473.astar,473.astar,473.astar,473.astar,0.6942209631460583,0.6948986958613808,0.6924635754464825,0.6964417232330563,0.6951876579831332,0.6909184763456736,0.694455845094568,0.6961225251382374,125
Graphene,ycsb_aserver,ycsb_aserver,ycsb_aserver,ycsb_aserver,ycsb_aserver,ycsb_aserver,ycsb_aserver,ycsb_aserver,1.4922699521118634,1.4921994082175898,1.4923686535008311,1.4923076316970438,1.4923796112291419,1.492314223593082,1.4779335651127279,1.4923323070663546,125
Graphene,445.gobmk,445.gobmk,445.gobmk,445.gobmk,445.gobmk,445.gobmk,445.gobmk,445.gobmk,3.3628854741103553,3.362831191792755,3.3628759745782717,3.362894521333665,3.362818526170799,3.3628592374380393,3.362838429333851,3.3628691892310707,125
Graphene,510.parest,510.parest,510.parest,510.parest,510.parest,510.parest,510.parest,510.parest,0.4421515369691478,0.4407930325079572,0.44199399828725555,0.43867669210190163,0.4399847666714144,0.440203674844929,0.44131884783652703,0.43822963152057426,125
Graphene,538.imagick,538.imagick,538.imagick,538.imagick,538.imagick,538.imagick,538.imagick,538.imagick,3.924515553875514,3.9245032324563325,3.9244909111145194,3.924478589850074,3.9244662686629956,3.9244539475532836,3.9244416265209368,3.924429305565955,125
Graphene,520.omnetpp,520.omnetpp,520.omnetpp,520.omnetpp,520.omnetpp,520.omnetpp,520.omnetpp,520.omnetpp,0.48980029098447525,0.4895418872893249,0.48965262162755674,0.48948547988314534,0.48953573312234994,0.4895566406654649,0.4894424905465162,0.4896963481090718,125
Graphene,519.lbm,519.lbm,519.lbm,519.lbm,519.lbm,519.lbm,519.lbm,519.lbm,0.1589037461914109,0.15891919487823522,0.1589220841382843,0.15895301792586938,0.15901955918315214,0.1589272961845949,0.1589343525407681,0.1589340756902429,125
Graphene,h264_encode,h264_encode,h264_encode,h264_encode,h264_encode,h264_encode,h264_encode,h264_encode,2.4268522464400504,2.4272337176550476,2.423482890016918,2.425987253086656,2.4261807809410105,2.423973054727688,2.4221597778666335,2.419730989794833,125
Graphene,bfs_cm2003,bfs_cm2003,bfs_cm2003,bfs_cm2003,bfs_cm2003,bfs_cm2003,bfs_cm2003,bfs_cm2003,0.034118076338079464,0.03416844157142095,0.03419450970462822,0.03383008926706412,0.03262003422005995,0.02951383984877458,0.010756126783178879,0.0027456272194759487,125
Graphene,435.gromacs,435.gromacs,435.gromacs,435.gromacs,435.gromacs,435.gromacs,435.gromacs,435.gromacs,3.2754564545096745,3.275405387098545,3.275413969745394,3.2754397179558166,3.2754311351740295,3.2754225524372225,3.275465037424153,3.275448300782583,125
Graphene,ycsb_cserver,ycsb_cserver,ycsb_cserver,ycsb_cserver,ycsb_cserver,ycsb_cserver,ycsb_cserver,ycsb_cserver,1.6314960708027528,1.6315114027963453,1.6315009684916049,1.6315303552422409,1.6314987325865247,1.6314974549292303,1.6315069309351138,1.6315155552608676,125
Graphene,508.namd,508.namd,508.namd,508.namd,508.namd,508.namd,508.namd,508.namd,2.782813433286055,2.782802281897871,2.7828487466049245,2.782789581814626,2.7827908208420347,2.7828481270652907,2.782842860989541,2.782835116796703,125
Graphene,jp2_decode,jp2_decode,jp2_decode,jp2_decode,jp2_decode,jp2_decode,jp2_decode,jp2_decode,0.5495376300288464,0.5559348760985718,0.5532394738223457,0.5541146604199179,0.5522510692409077,0.5501697603812632,0.5493120141678555,0.5492541216908098,125
Graphene,483.xalancbmk,483.xalancbmk,483.xalancbmk,483.xalancbmk,483.xalancbmk,483.xalancbmk,483.xalancbmk,483.xalancbmk,0.490918421572385,0.4926412016094312,0.49038668500503635,0.4893633355600018,0.4909883796405423,0.4913547410828794,0.48896598382958195,0.48855823962069744,125
Graphene,jp2_encode,jp2_encode,jp2_encode,jp2_encode,jp2_encode,jp2_encode,jp2_encode,jp2_encode,2.835007443028541,2.83533540146478,2.8350035851455337,2.8336093268817715,2.8332695658796374,2.8308367806320036,2.823139034741662,2.805687510156589,125
Graphene,541.leela,541.leela,541.leela,541.leela,541.leela,541.leela,541.leela,541.leela,3.4772966605572884,3.4772308835407224,3.4772129887535805,3.477252164067884,3.4772768304593873,3.477275379485494,3.47726619001229,3.477296176893673,125
Graphene,401.bzip2,401.bzip2,401.bzip2,401.bzip2,401.bzip2,401.bzip2,401.bzip2,401.bzip2,2.4227961470951254,2.4228123482410915,2.422799669064948,2.4228278451921548,2.42325502859344,2.423283450205063,2.4228313672541355,2.423285564235872,125
Graphene,ycsb_bserver,ycsb_bserver,ycsb_bserver,ycsb_bserver,ycsb_bserver,ycsb_bserver,ycsb_bserver,ycsb_bserver,1.5994362818813235,1.599454803437881,1.5994566453840833,1.5994393517229193,1.5994654458522726,1.599452040526532,1.5994907221540662,1.5994382261129658,125
Graphene,531.deepsjeng,531.deepsjeng,531.deepsjeng,531.deepsjeng,531.deepsjeng,531.deepsjeng,531.deepsjeng,531.deepsjeng,3.2471471214820085,3.247121816164588,3.2471062114154488,3.2471542913936515,3.2470534937776065,3.24712055090907,3.2471391080888186,3.2471348905293413,125
Graphene,450.soplex,450.soplex,450.soplex,450.soplex,450.soplex,450.soplex,450.soplex,450.soplex,0.28871426115872534,0.26559913379835776,0.26374522759604296,0.2633322594994901,0.29152814998148446,0.2716108002362536,0.28857996390926627,0.2821899333978706,125
Graphene,grep_map0,grep_map0,grep_map0,grep_map0,grep_map0,grep_map0,grep_map0,grep_map0,0.07610364856659904,0.07617617027667874,0.07607917117476332,0.07560525888285506,0.07354932091691349,0.06923770009498,0.05697349532149951,0.0505236124720011,125
Graphene,511.povray,511.povray,511.povray,511.povray,511.povray,511.povray,511.povray,511.povray,3.0646554027913373,3.0650292544782225,3.064129910283502,3.065071341987542,3.065166043109721,3.0641588283441066,3.064995810763726,3.063557294893614,125
Graphene,456.hmmer,456.hmmer,456.hmmer,456.hmmer,456.hmmer,456.hmmer,456.hmmer,456.hmmer,2.926810650921518,2.926729788033351,2.9182036845473176,2.918207772191161,2.9268188745163872,2.9268397763613434,2.926831895302774,2.9182016407296905,125
Graphene,436.cactusADM,436.cactusADM,436.cactusADM,436.cactusADM,436.cactusADM,436.cactusADM,436.cactusADM,436.cactusADM,1.0133524589423024,1.0153037959528528,1.0153058164067978,1.0152510608256808,1.0118317943776474,1.01480490761277,1.0128287317958216,1.0110291144032018,125
Graphene,tpch6,tpch6,tpch6,tpch6,tpch6,tpch6,tpch6,tpch6,2.6467988767409056,2.6467843052889948,2.646807283420759,2.6468857483413024,2.6468168110558175,2.6468697747482057,2.646842592059303,2.6468467955314026,125
Graphene,gups,gups,gups,gups,gups,gups,gups,gups,0.09930899963855894,0.09929442927549927,0.099255869219895,0.09928123365272437,0.09930619449161092,0.09929256154898652,0.09923352619766083,0.09925242438735925,125
Graphene,wc_8443,wc_8443,wc_8443,wc_8443,wc_8443,wc_8443,wc_8443,wc_8443,0.6938029657856618,0.7883608672045221,0.6899799102689407,0.6951998176685534,0.6738007794796937,0.657036336159343,0.6255721013259651,0.15406707940127956,125
Graphene,447.dealII,447.dealII,447.dealII,447.dealII,447.dealII,447.dealII,447.dealII,447.dealII,3.5793061128535175,3.579275365680247,3.5793158495685136,3.5793260987994224,3.579264604294402,3.5792958637370655,3.579336348089028,3.579285614679309,125
Graphene,458.sjeng,458.sjeng,458.sjeng,458.sjeng,458.sjeng,458.sjeng,458.sjeng,458.sjeng,3.3970552965867067,3.397028985625404,3.3970483726100067,3.3970857624195077,3.397077453501823,3.3970959178185427,3.397043295045032,3.3970714526421064,125
Graphene,ycsb_dserver,ycsb_dserver,ycsb_dserver,ycsb_dserver,ycsb_dserver,ycsb_dserver,ycsb_dserver,ycsb_dserver,1.8587891282546654,1.858825753004736,1.8587379942254214,1.858806403900341,1.8588375008717948,1.858752090352601,1.858812208589363,1.8588258912140736,125
Graphene,525.x264,525.x264,525.x264,525.x264,525.x264,525.x264,525.x264,525.x264,3.3158644750482527,3.315810380741243,3.31582797219214,3.3158270926151623,3.3158504015627472,3.315829291558482,3.315846443416473,3.315855239309915,125
Graphene,403.gcc,403.gcc,403.gcc,403.gcc,403.gcc,403.gcc,403.gcc,403.gcc,3.6838795200464935,3.6842285984265986,3.6839609476562196,3.684072237877892,3.6840391215482398,3.6838578066251677,3.6840602942149494,3.683685736813031,125
Graphene,h264_decode,h264_decode,h264_decode,h264_decode,h264_decode,h264_decode,h264_decode,h264_decode,0.03601553518873519,0.03601941855840893,0.03604559015676367,0.03593851623117731,0.0349009541772892,0.03304540772648055,0.02472817741384794,0.00642529012451112,125
Graphene,470.lbm,470.lbm,470.lbm,470.lbm,470.lbm,470.lbm,470.lbm,470.lbm,0.16341973977759686,0.16338365937806063,0.16335651159670816,0.16325347510979074,0.16335237547220435,0.16312524159663908,0.1628649354510561,0.16246144846689387,125
Graphene,434.zeusmp,434.zeusmp,434.zeusmp,434.zeusmp,434.zeusmp,434.zeusmp,434.zeusmp,434.zeusmp,0.1693134042787651,0.16929262667295397,0.16917912097939392,0.16905028926938817,0.16913912548915458,0.16916015844947854,0.16955174790557812,0.16958093884199785,125
Graphene,500.perlbench,500.perlbench,500.perlbench,500.perlbench,500.perlbench,500.perlbench,500.perlbench,500.perlbench,1.9531674203549108,1.9531860370636582,1.9531806961682892,1.9531748975149599,1.9531790176072057,1.9531851214795206,1.9531907675953777,1.9531945825570036,125
Graphene,bfs_dblp,bfs_dblp,bfs_dblp,bfs_dblp,bfs_dblp,bfs_dblp,bfs_dblp,bfs_dblp,0.03414142172784497,0.034191782542560716,0.034216329653817365,0.03385910606480231,0.032636767969484275,0.029571858397545468,0.010648581619960152,0.0027380622292556495,125
Graphene,549.fotonik3d,549.fotonik3d,549.fotonik3d,549.fotonik3d,549.fotonik3d,549.fotonik3d,549.fotonik3d,549.fotonik3d,0.23146848066848394,0.23148489802710606,0.23141046632328377,0.23140887266233418,0.2314549306005999,0.23144600595201362,0.23149927906031517,0.23139354336487158,125
Graphene,526.blender,526.blender,526.blender,526.blender,526.blender,526.blender,526.blender,526.blender,3.1068443781650976,3.1070092513064664,3.10706717342518,3.1069049969347273,3.106923144415007,3.186713089003367,3.213460956577916,3.1070586780459584,125
Graphene,507.cactuBSSN,507.cactuBSSN,507.cactuBSSN,507.cactuBSSN,507.cactuBSSN,507.cactuBSSN,507.cactuBSSN,507.cactuBSSN,1.519957251506293,1.5188977614120256,1.5211816636518873,1.5176648601395948,1.522234611182311,1.5200685222568737,1.5198473830051882,1.5191024705102714,125
Graphene,tpcc64,tpcc64,tpcc64,tpcc64,tpcc64,tpcc64,tpcc64,tpcc64,1.345288608262881,1.3359500854847741,1.3352993925509415,1.3368878864962934,1.3426770768179928,1.3342968735823095,1.343422832878952,1.3359860672685018,125
Graphene,459.GemsFDTD,459.GemsFDTD,459.GemsFDTD,459.GemsFDTD,459.GemsFDTD,459.GemsFDTD,459.GemsFDTD,459.GemsFDTD,0.4854598464995384,0.4837959793651339,0.48641386726244196,0.48392920471906853,0.4868539312013857,0.48568739472968564,0.48560494080106714,0.4855326421264745,125
Graphene,471.omnetpp,471.omnetpp,471.omnetpp,471.omnetpp,471.omnetpp,471.omnetpp,471.omnetpp,471.omnetpp,0.6774831457775443,0.6770362073818232,0.6526042118867001,0.6340212184584271,0.6348247864544642,0.6338406348689779,0.6341659653425256,0.6336712364079103,125
Graphene,557.xz,557.xz,557.xz,557.xz,557.xz,557.xz,557.xz,557.xz,1.554313237886895,1.551518256808419,1.55435343933029,1.5500675860468869,1.550432883962068,1.55040269229288,1.5512415734230869,1.5503975002134898,125
Graphene,544.nab,544.nab,544.nab,544.nab,544.nab,544.nab,544.nab,544.nab,2.7813607885536102,2.78136171687006,2.7813762605753487,2.7813969933543525,2.78137780778699,2.7814192737002235,2.7813966839076176,2.7814065862372885,125
Graphene,433.milc,433.milc,433.milc,433.milc,433.milc,433.milc,433.milc,433.milc,0.27029928726402735,0.2701688123888005,0.2700357799568729,0.2702522992227836,0.26997702851856986,0.26992790538763467,0.2700162827378947,0.27002109188752954,125
Graphene,481.wrf,481.wrf,481.wrf,481.wrf,481.wrf,481.wrf,481.wrf,481.wrf,3.638692399499316,3.6387347682562603,3.638777137999895,3.6387453605996654,3.6387559530047393,3.6387241759745232,3.638644735827115,3.638766545471482,125
Graphene,ycsb_eserver,ycsb_eserver,ycsb_eserver,ycsb_eserver,ycsb_eserver,ycsb_eserver,ycsb_eserver,ycsb_eserver,1.6264334734061212,1.626455588296468,1.6264619371799245,1.6264554824821635,1.6264643709317246,1.6264622546253984,1.6264694500893777,1.6264738943783468,125
Graphene,482.sphinx3,482.sphinx3,482.sphinx3,482.sphinx3,482.sphinx3,482.sphinx3,482.sphinx3,482.sphinx3,0.5161889021781149,0.5147025292173464,0.511922092173989,0.5160295497510075,0.5080346079677791,0.5131665502360186,0.5121107955393347,0.509221377903756,125
Graphene,502.gcc,502.gcc,502.gcc,502.gcc,502.gcc,502.gcc,502.gcc,502.gcc,2.7042700098943833,2.703978103401637,2.70412346378746,2.7042741052233055,2.703990386773377,2.704309501083022,2.704264744489709,2.7040193408768984,250
Graphene,462.libquantum,462.libquantum,462.libquantum,462.libquantum,462.libquantum,462.libquantum,462.libquantum,462.libquantum,0.294526064620126,0.29455094536067006,0.2943951612551851,0.29447002721515547,0.294347431978781,0.2933586350853501,0.2936374151572862,0.2938136881568462,250
Graphene,wc_map0,wc_map0,wc_map0,wc_map0,wc_map0,wc_map0,wc_map0,wc_map0,2.1947182087166484,2.17162528345139,2.209952174866974,2.171652447699877,2.139538657270041,2.166111463417107,2.1378685792324026,2.139028465249643,250
Graphene,523.xalancbmk,523.xalancbmk,523.xalancbmk,523.xalancbmk,523.xalancbmk,523.xalancbmk,523.xalancbmk,523.xalancbmk,2.2238593780772655,2.2236884729860096,2.2235007845844867,2.2235553671957096,2.223361966974537,2.223267058928049,2.223343775637933,2.223267058928049,250
Graphene,464.h264ref,464.h264ref,464.h264ref,464.h264ref,464.h264ref,464.h264ref,464.h264ref,464.h264ref,2.827424525012472,2.827356095208615,2.827467695050597,2.827500952867821,2.8274485082042378,2.8275546786868655,2.8275361302566724,2.827572907553635,250
Graphene,ycsb_abgsave,ycsb_abgsave,ycsb_abgsave,ycsb_abgsave,ycsb_abgsave,ycsb_abgsave,ycsb_abgsave,ycsb_abgsave,2.0329262493388924,2.032941954058927,2.032895005933207,2.0265929527256663,2.0266798622441375,2.032919967518818,2.0329574937049473,2.032989730962271,250
Graphene,505.mcf,505.mcf,505.mcf,505.mcf,505.mcf,505.mcf,505.mcf,505.mcf,0.778941509469,0.7683274289419292,0.7529543292539773,0.7681817166421622,0.7528600248913593,0.7554970874680682,0.753829453624412,0.7527741307543974,250
Graphene,bfs_ny,bfs_ny,bfs_ny,bfs_ny,bfs_ny,bfs_ny,bfs_ny,bfs_ny,0.03513651042373562,0.035191707657991206,0.03522343353152324,0.034739144093549494,0.033578687023882677,0.03014698832213719,0.009872523040489335,0.0028126015171953812,250
Graphene,444.namd,444.namd,444.namd,444.namd,444.namd,444.namd,444.namd,444.namd,3.6559579757867366,3.6559045124536924,3.6558617429130753,3.655813628376016,3.6559152049952086,3.6559258975992703,3.6558243203859146,3.6567440672618576,250
Graphene,tpch17,tpch17,tpch17,tpch17,tpch17,tpch17,tpch17,tpch17,0.6463682892751471,0.6368286787695023,0.6350067700611783,0.635108255980535,0.6451647201014797,0.6350383367563593,0.6355902686146847,0.6351101759918243,250
Graphene,437.leslie3d,437.leslie3d,437.leslie3d,437.leslie3d,437.leslie3d,437.leslie3d,437.leslie3d,437.leslie3d,0.21123901577185694,0.211152333114191,0.21139930323127895,0.21120918755234766,0.21134171573190028,0.21127351057963936,0.21119345590888877,0.21126866316736465,250
Graphene,tpch2,tpch2,tpch2,tpch2,tpch2,tpch2,tpch2,tpch2,0.646587420222751,0.6562907622192414,0.6461032004101773,0.6474391399439183,0.646059821986744,0.6483271176483693,0.6465567182312029,0.6459994391691269,250
Graphene,429.mcf,429.mcf,429.mcf,429.mcf,429.mcf,429.mcf,429.mcf,429.mcf,0.09471715593205061,0.09466144189527534,0.09457442882142554,0.09436707776350373,0.09416542868005351,0.09378518620893038,0.09273826723666821,0.09039859067295401,250
Graphene,473.astar,473.astar,473.astar,473.astar,473.astar,473.astar,473.astar,473.astar,0.6947366197895448,0.7003519913080155,0.6944581214113356,0.7004388193167914,0.6990793795687285,0.6970073987335376,0.6973762335016475,0.6986998174576857,250
Graphene,ycsb_aserver,ycsb_aserver,ycsb_aserver,ycsb_aserver,ycsb_aserver,ycsb_aserver,ycsb_aserver,ycsb_aserver,1.491771834094684,1.4916743686786569,1.4918943292440112,1.4918145626760528,1.4918973562683708,1.4917756617636178,1.477016297102419,1.4917702318204973,250
Graphene,445.gobmk,445.gobmk,445.gobmk,445.gobmk,445.gobmk,445.gobmk,445.gobmk,445.gobmk,3.3628854741103553,3.362831191792755,3.3628759745782717,3.362894521333665,3.362818526170799,3.3628592374380393,3.362838429333851,3.3628691892310707,250
Graphene,510.parest,510.parest,510.parest,510.parest,510.parest,510.parest,510.parest,510.parest,0.4461920816575772,0.44564780443320096,0.44086924178038095,0.4430778584210988,0.44372899553333517,0.4431023602609355,0.44411932541187893,0.4439535462636355,250
Graphene,538.imagick,538.imagick,538.imagick,538.imagick,538.imagick,538.imagick,538.imagick,538.imagick,3.924515553875514,3.9245032324563325,3.9244909111145194,3.924478589850074,3.9244662686629956,3.9244539475532836,3.9244416265209368,3.924429305565955,250
Graphene,520.omnetpp,520.omnetpp,520.omnetpp,520.omnetpp,520.omnetpp,520.omnetpp,520.omnetpp,520.omnetpp,0.4885428876167666,0.48848126017848403,0.48849782054743374,0.4886123421210459,0.4884837417760831,0.4884469117309025,0.48850577183247584,0.48855713210553586,250
Graphene,519.lbm,519.lbm,519.lbm,519.lbm,519.lbm,519.lbm,519.lbm,519.lbm,0.1620174191278387,0.1619892885943627,0.1620327493204233,0.16198925815535406,0.16201602265880918,0.16201119820105875,0.16209221052396255,0.16199835048095593,250
Graphene,h264_encode,h264_encode,h264_encode,h264_encode,h264_encode,h264_encode,h264_encode,h264_encode,2.4267368155388813,2.4269462482857267,2.425536278794633,2.425692311991381,2.4263060490042,2.4226886145457835,2.4218688166661773,2.419774552508672,250
Graphene,bfs_cm2003,bfs_cm2003,bfs_cm2003,bfs_cm2003,bfs_cm2003,bfs_cm2003,bfs_cm2003,bfs_cm2003,0.03515477141228613,0.03520637639863668,0.03524313986326471,0.03476704229966551,0.03360096325843669,0.03013545456492643,0.009602606331113738,0.00280749603827468,250
Graphene,435.gromacs,435.gromacs,435.gromacs,435.gromacs,435.gromacs,435.gromacs,435.gromacs,435.gromacs,3.2754564545096745,3.275405387098545,3.275413969745394,3.2754397179558166,3.2754311351740295,3.2754225524372225,3.275465037424153,3.275448300782583,250
Graphene,ycsb_cserver,ycsb_cserver,ycsb_cserver,ycsb_cserver,ycsb_cserver,ycsb_cserver,ycsb_cserver,ycsb_cserver,1.6314960708027528,1.6315114027963453,1.6315009684916049,1.6315303552422409,1.6314987325865247,1.6314974549292303,1.6315069309351138,1.6315155552608676,250
Graphene,508.namd,508.namd,508.namd,508.namd,508.namd,508.namd,508.namd,508.namd,2.782813433286055,2.782802281897871,2.7828487466049245,2.782789581814626,2.7827908208420347,2.7828481270652907,2.782842860989541,2.782835116796703,250
Graphene,jp2_decode,jp2_decode,jp2_decode,jp2_decode,jp2_decode,jp2_decode,jp2_decode,jp2_decode,0.5631038373611963,0.5695247705344832,0.5633365350377524,0.5631745056578088,0.5665026399816127,0.5610836509291232,0.5619759939141147,0.5615650755761018,250
Graphene,483.xalancbmk,483.xalancbmk,483.xalancbmk,483.xalancbmk,483.xalancbmk,483.xalancbmk,483.xalancbmk,483.xalancbmk,0.5008368282228044,0.5047029533420087,0.5011945772270375,0.5011134640949497,0.5013367945090867,0.5013035798028477,0.500616579403857,0.5006177322445258,250
Graphene,jp2_encode,jp2_encode,jp2_encode,jp2_encode,jp2_encode,jp2_encode,jp2_encode,jp2_encode,2.8354254425446968,2.8357049278880235,2.834978187677824,2.8340654669122856,2.833124758688599,2.8313853402192626,2.8235806481269607,2.8065577804573545,250
Graphene,541.leela,541.leela,541.leela,541.leela,541.leela,541.leela,541.leela,541.leela,3.4772966605572884,3.4772308835407224,3.4772129887535805,3.477252164067884,3.4772768304593873,3.477275379485494,3.47726619001229,3.477296176893673,250
Graphene,401.bzip2,401.bzip2,401.bzip2,401.bzip2,401.bzip2,401.bzip2,401.bzip2,401.bzip2,2.439067698567916,2.439034384336014,2.43908840144195,2.439124334850794,2.4390872116120845,2.438985842370101,2.4390679365299888,2.4391002998044526,250
Graphene,ycsb_bserver,ycsb_bserver,ycsb_bserver,ycsb_bserver,ycsb_bserver,ycsb_bserver,ycsb_bserver,ycsb_bserver,1.5994362818813235,1.599454803437881,1.5994566453840833,1.5994393517229193,1.5994654458522726,1.599452040526532,1.5994907221540662,1.5994382261129658,250
Graphene,531.deepsjeng,531.deepsjeng,531.deepsjeng,531.deepsjeng,531.deepsjeng,531.deepsjeng,531.deepsjeng,531.deepsjeng,3.2471471214820085,3.247121816164588,3.2471062114154488,3.2471542913936515,3.2470534937776065,3.24712055090907,3.2471391080888186,3.2471348905293413,250
Graphene,450.soplex,450.soplex,450.soplex,450.soplex,450.soplex,450.soplex,450.soplex,450.soplex,0.2776493988657289,0.2829077599052372,0.28774571124225257,0.2883574292298491,0.2733359830159079,0.27050385693055334,0.30195565566204174,0.2723814265632926,250
Graphene,grep_map0,grep_map0,grep_map0,grep_map0,grep_map0,grep_map0,grep_map0,grep_map0,0.07807959037423066,0.07816086631178153,0.07806263064152036,0.07731934618525815,0.07544713548683722,0.07102494740766002,0.057933186036585704,0.05150726152669468,250
Graphene,511.povray,511.povray,511.povray,511.povray,511.povray,511.povray,511.povray,511.povray,3.0646554027913373,3.0650292544782225,3.064129910283502,3.065071341987542,3.065166043109721,3.0641588283441066,3.064995810763726,3.063557294893614,250
Graphene,456.hmmer,456.hmmer,456.hmmer,456.hmmer,456.hmmer,456.hmmer,456.hmmer,456.hmmer,2.926810650921518,2.926729788033351,2.9182036845473176,2.918207772191161,2.9268188745163872,2.9268397763613434,2.926831895302774,2.9182016407296905,250
Graphene,436.cactusADM,436.cactusADM,436.cactusADM,436.cactusADM,436.cactusADM,436.cactusADM,436.cactusADM,436.cactusADM,1.0307705203424418,1.0331141175374758,1.026020116396647,1.0330036398916256,1.0309709870330654,1.0302495272597019,1.0307728578210469,1.0307508434428,250
Graphene,tpch6,tpch6,tpch6,tpch6,tpch6,tpch6,tpch6,tpch6,2.6594612995191693,2.659478840016178,2.6685373469273608,2.6594443250649435,2.6594963807445655,2.6594675235400107,2.6594901565886526,2.6594709184727487,250
Graphene,gups,gups,gups,gups,gups,gups,gups,gups,0.09930899963855894,0.09929442927549927,0.099255869219895,0.09928123365272437,0.09930619449161092,0.09929256154898652,0.09923352619766083,0.09925242438735925,250
Graphene,wc_8443,wc_8443,wc_8443,wc_8443,wc_8443,wc_8443,wc_8443,wc_8443,0.7078955612796305,0.8044153780924422,0.6999199571536999,0.7042164650992574,0.6842835559380731,0.6875531375442351,0.620436318614797,0.06456770821697694,250
Graphene,447.dealII,447.dealII,447.dealII,447.dealII,447.dealII,447.dealII,447.dealII,447.dealII,3.5793061128535175,3.579275365680247,3.5793158495685136,3.5793260987994224,3.579264604294402,3.5792958637370655,3.579336348089028,3.579285614679309,250
Graphene,458.sjeng,458.sjeng,458.sjeng,458.sjeng,458.sjeng,458.sjeng,458.sjeng,458.sjeng,3.3970552965867067,3.397028985625404,3.3970483726100067,3.3970857624195077,3.397077453501823,3.3970959178185427,3.397043295045032,3.3970714526421064,250
Graphene,ycsb_dserver,ycsb_dserver,ycsb_dserver,ycsb_dserver,ycsb_dserver,ycsb_dserver,ycsb_dserver,ycsb_dserver,1.8587891282546654,1.858825753004736,1.8587379942254214,1.858806403900341,1.8588375008717948,1.858752090352601,1.858812208589363,1.8588258912140736,250
Graphene,525.x264,525.x264,525.x264,525.x264,525.x264,525.x264,525.x264,525.x264,3.3158644750482527,3.315810380741243,3.31582797219214,3.3158270926151623,3.3158504015627472,3.315829291558482,3.315846443416473,3.315855239309915,250
Graphene,403.gcc,403.gcc,403.gcc,403.gcc,403.gcc,403.gcc,403.gcc,403.gcc,3.6838795200464935,3.6842285984265986,3.6839609476562196,3.684072237877892,3.6840391215482398,3.6838578066251677,3.6840602942149494,3.683685736813031,250
Graphene,h264_decode,h264_decode,h264_decode,h264_decode,h264_decode,h264_decode,h264_decode,h264_decode,0.03692754544240596,0.036937996036470286,0.03698828636601171,0.0367752972761311,0.035754635331037295,0.033831483707026745,0.02383607822220956,0.006115427793042664,250
Graphene,470.lbm,470.lbm,470.lbm,470.lbm,470.lbm,470.lbm,470.lbm,470.lbm,0.1657778113547841,0.16586570889879415,0.16515711630997673,0.16569801155625655,0.16562605472741976,0.1655782008324358,0.16501806251408305,0.1646864178908368,250
Graphene,434.zeusmp,434.zeusmp,434.zeusmp,434.zeusmp,434.zeusmp,434.zeusmp,434.zeusmp,434.zeusmp,0.17265953405987636,0.17274509556117035,0.17272952480622253,0.1731320990782925,0.17258211065063367,0.17265671037832717,0.17291717168567633,0.17308099287676174,250
Graphene,500.perlbench,500.perlbench,500.perlbench,500.perlbench,500.perlbench,500.perlbench,500.perlbench,500.perlbench,1.9531674203549108,1.9531860370636582,1.9531806961682892,1.9531748975149599,1.9531790176072057,1.9531851214795206,1.9531907675953777,1.9531945825570036,250
Graphene,bfs_dblp,bfs_dblp,bfs_dblp,bfs_dblp,bfs_dblp,bfs_dblp,bfs_dblp,bfs_dblp,0.03516015652412836,0.03521371391721866,0.03524852311014571,0.034760802174419986,0.033600407922929953,0.030150334245881844,0.00968894993537106,0.002800011481122277,250
Graphene,549.fotonik3d,549.fotonik3d,549.fotonik3d,549.fotonik3d,549.fotonik3d,549.fotonik3d,549.fotonik3d,549.fotonik3d,0.23684396211982092,0.23686641124761482,0.23681890598456154,0.23677421835621487,0.23677836926172002,0.23674875099408432,0.2367595556795923,0.23684362779372098,250
Graphene,526.blender,526.blender,526.blender,526.blender,526.blender,526.blender,526.blender,526.blender,3.1068443781650976,3.1070092513064664,3.10706717342518,3.1069049969347273,3.106923144415007,3.186713089003367,3.213460956577916,3.1070586780459584,250
Graphene,507.cactuBSSN,507.cactuBSSN,507.cactuBSSN,507.cactuBSSN,507.cactuBSSN,507.cactuBSSN,507.cactuBSSN,507.cactuBSSN,1.5315133686108249,1.5322471213060433,1.5358858814673313,1.5331502343113503,1.5328725436713855,1.532114342306212,1.530280049206461,1.5340225021465577,250
Graphene,tpcc64,tpcc64,tpcc64,tpcc64,tpcc64,tpcc64,tpcc64,tpcc64,1.3409150457909078,1.3399416396458501,1.3431401908484015,1.3404988897183896,1.345584756957521,1.339390378076687,1.3397593910032584,1.3393966211095014,250
Graphene,459.GemsFDTD,459.GemsFDTD,459.GemsFDTD,459.GemsFDTD,459.GemsFDTD,459.GemsFDTD,459.GemsFDTD,459.GemsFDTD,0.4934838322162077,0.4916078702015213,0.4937585951027442,0.4923796760953173,0.4954607766395238,0.49408631059368285,0.4929228697559365,0.4924648737609633,250
Graphene,471.omnetpp,471.omnetpp,471.omnetpp,471.omnetpp,471.omnetpp,471.omnetpp,471.omnetpp,471.omnetpp,0.6788076022215689,0.6787807121799814,0.6488471608070361,0.636474197717909,0.6367185177967155,0.6363377732825746,0.636980196132827,0.6356130859411945,250
Graphene,557.xz,557.xz,557.xz,557.xz,557.xz,557.xz,557.xz,557.xz,1.5532114074804153,1.554146559377506,1.5546502792431738,1.5499527450407091,1.5501791759098684,1.5504943286018449,1.5502153187069072,1.5501803293773557,250
Graphene,544.nab,544.nab,544.nab,544.nab,544.nab,544.nab,544.nab,544.nab,2.7813607885536102,2.78136171687006,2.7813762605753487,2.7813969933543525,2.78137780778699,2.7814192737002235,2.7813966839076176,2.7814065862372885,250
Graphene,433.milc,433.milc,433.milc,433.milc,433.milc,433.milc,433.milc,433.milc,0.27234884252504504,0.27234973558163345,0.2723058462583848,0.2720830019453064,0.27216807323489806,0.27209201011172274,0.2720924987374092,0.27210797871532205,250
Graphene,481.wrf,481.wrf,481.wrf,481.wrf,481.wrf,481.wrf,481.wrf,481.wrf,3.638692399499316,3.6387347682562603,3.638777137999895,3.6387453605996654,3.6387559530047393,3.6387241759745232,3.638644735827115,3.638766545471482,250
Graphene,ycsb_eserver,ycsb_eserver,ycsb_eserver,ycsb_eserver,ycsb_eserver,ycsb_eserver,ycsb_eserver,ycsb_eserver,1.6264334734061212,1.626455588296468,1.6264619371799245,1.6264554824821635,1.6264643709317246,1.6264622546253984,1.6264694500893777,1.6264738943783468,250
Graphene,482.sphinx3,482.sphinx3,482.sphinx3,482.sphinx3,482.sphinx3,482.sphinx3,482.sphinx3,482.sphinx3,0.5252846170652029,0.5247465432216516,0.518775243862754,0.5256205760355787,0.5247449571589821,0.5188061846345712,0.5213603526181122,0.5144033874409565,250
Graphene,502.gcc,502.gcc,502.gcc,502.gcc,502.gcc,502.gcc,502.gcc,502.gcc,2.7042700098943833,2.703978103401637,2.70412346378746,2.7042741052233055,2.703990386773377,2.704309501083022,2.704264744489709,2.7040193408768984,500
Graphene,462.libquantum,462.libquantum,462.libquantum,462.libquantum,462.libquantum,462.libquantum,462.libquantum,462.libquantum,0.294526064620126,0.29455094536067006,0.2943951612551851,0.29447002721515547,0.294347431978781,0.2933586350853501,0.2936374151572862,0.2938136881568462,500
Graphene,wc_map0,wc_map0,wc_map0,wc_map0,wc_map0,wc_map0,wc_map0,wc_map0,2.1947182087166484,2.17162528345139,2.209952174866974,2.171652447699877,2.139538657270041,2.166111463417107,2.1378685792324026,2.139028465249643,500
Graphene,523.xalancbmk,523.xalancbmk,523.xalancbmk,523.xalancbmk,523.xalancbmk,523.xalancbmk,523.xalancbmk,523.xalancbmk,2.2238593780772655,2.2236884729860096,2.2235007845844867,2.2235553671957096,2.223361966974537,2.223267058928049,2.223343775637933,2.223267058928049,500
Graphene,464.h264ref,464.h264ref,464.h264ref,464.h264ref,464.h264ref,464.h264ref,464.h264ref,464.h264ref,2.827424525012472,2.827356095208615,2.827467695050597,2.827500952867821,2.8274485082042378,2.8275546786868655,2.8275361302566724,2.827572907553635,500
Graphene,ycsb_abgsave,ycsb_abgsave,ycsb_abgsave,ycsb_abgsave,ycsb_abgsave,ycsb_abgsave,ycsb_abgsave,ycsb_abgsave,2.0329262493388924,2.032941954058927,2.032895005933207,2.0265929527256663,2.0266798622441375,2.032919967518818,2.0329574937049473,2.032989730962271,500
Graphene,505.mcf,505.mcf,505.mcf,505.mcf,505.mcf,505.mcf,505.mcf,505.mcf,0.8047009470557634,0.7720751892526145,0.7563636504457524,0.7850910580012712,0.7428640111655432,0.756301343974715,0.7719957730452242,0.7442302212483325,500
Graphene,bfs_ny,bfs_ny,bfs_ny,bfs_ny,bfs_ny,bfs_ny,bfs_ny,bfs_ny,0.03584599239095112,0.0358986569598766,0.035945478662883924,0.035400377318744895,0.03425138404910743,0.030535965346096053,0.00907298668582718,0.0028343300003090917,500
Graphene,444.namd,444.namd,444.namd,444.namd,444.namd,444.namd,444.namd,444.namd,3.6559579757867366,3.6559045124536924,3.6558617429130753,3.655813628376016,3.6559152049952086,3.6559258975992703,3.6558243203859146,3.6567440672618576,500
Graphene,tpch17,tpch17,tpch17,tpch17,tpch17,tpch17,tpch17,tpch17,0.651268864523676,0.6405983290889423,0.6402650061982774,0.6406062246323138,0.6506195941481816,0.6401965208699328,0.642282258029087,0.6410138726683889,500
Graphene,437.leslie3d,437.leslie3d,437.leslie3d,437.leslie3d,437.leslie3d,437.leslie3d,437.leslie3d,437.leslie3d,0.2128186332281717,0.21303435898242587,0.2129290683618228,0.2129003854680703,0.21285961930244404,0.21288983759034524,0.21296311598090556,0.21286151143218726,500
Graphene,tpch2,tpch2,tpch2,tpch2,tpch2,tpch2,tpch2,tpch2,0.6497093057629969,0.6611677433607056,0.6500557149752191,0.649868451028669,0.6510590791061001,0.6503005949470083,0.6500521315807443,0.6497089511805576,500
Graphene,429.mcf,429.mcf,429.mcf,429.mcf,429.mcf,429.mcf,429.mcf,429.mcf,0.09536840626510766,0.09530427852280457,0.09516237788735121,0.0949554322690517,0.0947380109928152,0.09428153952069437,0.0932390607859339,0.09079704009784696,500
Graphene,473.astar,473.astar,473.astar,473.astar,473.astar,473.astar,473.astar,473.astar,0.6947366197895448,0.7003519913080155,0.6944581214113356,0.7004388193167914,0.6990793795687285,0.6970073987335376,0.6973762335016475,0.6986998174576857,500
Graphene,ycsb_aserver,ycsb_aserver,ycsb_aserver,ycsb_aserver,ycsb_aserver,ycsb_aserver,ycsb_aserver,ycsb_aserver,1.491771834094684,1.4916743686786569,1.4918943292440112,1.4918145626760528,1.4918973562683708,1.4917756617636178,1.477016297102419,1.4917702318204973,500
Graphene,445.gobmk,445.gobmk,445.gobmk,445.gobmk,445.gobmk,445.gobmk,445.gobmk,445.gobmk,3.3628854741103553,3.362831191792755,3.3628759745782717,3.362894521333665,3.362818526170799,3.3628592374380393,3.362838429333851,3.3628691892310707,500
Graphene,510.parest,510.parest,510.parest,510.parest,510.parest,510.parest,510.parest,510.parest,0.45108067924378237,0.45000000450000005,0.45113268499792003,0.4486624215664058,0.44978408115184304,0.44995213049274113,0.448483466612155,0.44640098225357894,500
Graphene,538.imagick,538.imagick,538.imagick,538.imagick,538.imagick,538.imagick,538.imagick,538.imagick,3.924515553875514,3.9245032324563325,3.9244909111145194,3.924478589850074,3.9244662686629956,3.9244539475532836,3.9244416265209368,3.924429305565955,500
Graphene,520.omnetpp,520.omnetpp,520.omnetpp,520.omnetpp,520.omnetpp,520.omnetpp,520.omnetpp,520.omnetpp,0.4890136817030289,0.48890262422785896,0.48883971117942004,0.488849786120397,0.48876289146339635,0.4887274142200793,0.4887345417418691,0.48871411516423013,500
Graphene,519.lbm,519.lbm,519.lbm,519.lbm,519.lbm,519.lbm,519.lbm,519.lbm,0.16467456225862043,0.1647645717259988,0.16469299568792234,0.16469665639501932,0.16472878624338044,0.1647091760714014,0.16471319995969666,0.16469612040698836,500
Graphene,h264_encode,h264_encode,h264_encode,h264_encode,h264_encode,h264_encode,h264_encode,h264_encode,2.4267368155388813,2.4269462482857267,2.425536278794633,2.425692311991381,2.4263060490042,2.4226886145457835,2.4218688166661773,2.419774552508672,500
Graphene,bfs_cm2003,bfs_cm2003,bfs_cm2003,bfs_cm2003,bfs_cm2003,bfs_cm2003,bfs_cm2003,bfs_cm2003,0.035799812796764516,0.03585721852939725,0.035892963965445474,0.0353904894305369,0.03422245971270784,0.03060624548670357,0.009426051125278515,0.0028285749311359617,500
Graphene,435.gromacs,435.gromacs,435.gromacs,435.gromacs,435.gromacs,435.gromacs,435.gromacs,435.gromacs,3.2754564545096745,3.275405387098545,3.275413969745394,3.2754397179558166,3.2754311351740295,3.2754225524372225,3.275465037424153,3.275448300782583,500
Graphene,ycsb_cserver,ycsb_cserver,ycsb_cserver,ycsb_cserver,ycsb_cserver,ycsb_cserver,ycsb_cserver,ycsb_cserver,1.6314960708027528,1.6315114027963453,1.6315009684916049,1.6315303552422409,1.6314987325865247,1.6314974549292303,1.6315069309351138,1.6315155552608676,500
Graphene,508.namd,508.namd,508.namd,508.namd,508.namd,508.namd,508.namd,508.namd,2.782813433286055,2.782802281897871,2.7828487466049245,2.782789581814626,2.7827908208420347,2.7828481270652907,2.782842860989541,2.782835116796703,500
Graphene,jp2_decode,jp2_decode,jp2_decode,jp2_decode,jp2_decode,jp2_decode,jp2_decode,jp2_decode,0.5728539892795647,0.5726079868232367,0.5711480104710164,0.5653150669331909,0.5655788315878855,0.5653075888337913,0.5654266866966432,0.5653494559540423,500
Graphene,483.xalancbmk,483.xalancbmk,483.xalancbmk,483.xalancbmk,483.xalancbmk,483.xalancbmk,483.xalancbmk,483.xalancbmk,0.501216392037508,0.5042230698996374,0.5007773767530288,0.5011857754736241,0.5017030611432344,0.5013498544019861,0.49979757198739366,0.4992639950038452,500
Graphene,jp2_encode,jp2_encode,jp2_encode,jp2_encode,jp2_encode,jp2_encode,jp2_encode,jp2_encode,2.8354254425446968,2.8357049278880235,2.834978187677824,2.8340654669122856,2.833124758688599,2.8313853402192626,2.8235806481269607,2.8065577804573545,500
Graphene,541.leela,541.leela,541.leela,541.leela,541.leela,541.leela,541.leela,541.leela,3.4772966605572884,3.4772308835407224,3.4772129887535805,3.477252164067884,3.4772768304593873,3.477275379485494,3.47726619001229,3.477296176893673,500
Graphene,401.bzip2,401.bzip2,401.bzip2,401.bzip2,401.bzip2,401.bzip2,401.bzip2,401.bzip2,2.439132663937765,2.438997025887027,2.439169788560079,2.43920834224864,2.43916122123924,2.438991553089334,2.4389941705112532,2.4391804977957614,500
Graphene,ycsb_bserver,ycsb_bserver,ycsb_bserver,ycsb_bserver,ycsb_bserver,ycsb_bserver,ycsb_bserver,ycsb_bserver,1.5994362818813235,1.599454803437881,1.5994566453840833,1.5994393517229193,1.5994654458522726,1.599452040526532,1.5994907221540662,1.5994382261129658,500
Graphene,531.deepsjeng,531.deepsjeng,531.deepsjeng,531.deepsjeng,531.deepsjeng,531.deepsjeng,531.deepsjeng,531.deepsjeng,3.2471471214820085,3.247121816164588,3.2471062114154488,3.2471542913936515,3.2470534937776065,3.24712055090907,3.2471391080888186,3.2471348905293413,500
Graphene,450.soplex,450.soplex,450.soplex,450.soplex,450.soplex,450.soplex,450.soplex,450.soplex,0.28064096420512064,0.2892359231479327,0.279604564882284,0.29584664095901364,0.29260661616565176,0.27439927029989886,0.2797117670936336,0.2749112567219514,500
Graphene,grep_map0,grep_map0,grep_map0,grep_map0,grep_map0,grep_map0,grep_map0,grep_map0,0.0796132518155627,0.07969675601112941,0.07961258402105124,0.07882380952747295,0.07693272168249918,0.07239754702399501,0.058593311603011546,0.052174264598210014,500
Graphene,511.povray,511.povray,511.povray,511.povray,511.povray,511.povray,511.povray,511.povray,3.0646554027913373,3.0650292544782225,3.064129910283502,3.065071341987542,3.065166043109721,3.0641588283441066,3.064995810763726,3.063557294893614,500
Graphene,456.hmmer,456.hmmer,456.hmmer,456.hmmer,456.hmmer,456.hmmer,456.hmmer,456.hmmer,2.926810650921518,2.926729788033351,2.9182036845473176,2.918207772191161,2.9268188745163872,2.9268397763613434,2.926831895302774,2.9182016407296905,500
Graphene,436.cactusADM,436.cactusADM,436.cactusADM,436.cactusADM,436.cactusADM,436.cactusADM,436.cactusADM,436.cactusADM,1.049682038714289,1.0497845632119376,1.0457547835542762,1.0488661274683648,1.0468031114505731,1.0488665235117696,1.0468037250971152,1.0497831525928678,500
Graphene,tpch6,tpch6,tpch6,tpch6,tpch6,tpch6,tpch6,tpch6,2.6594612995191693,2.659478840016178,2.6685373469273608,2.6594443250649435,2.6594963807445655,2.6594675235400107,2.6594901565886526,2.6594709184727487,500
Graphene,gups,gups,gups,gups,gups,gups,gups,gups,0.09930899963855894,0.09929442927549927,0.099255869219895,0.09928123365272437,0.09930619449161092,0.09929256154898652,0.09923352619766083,0.09925242438735925,500
Graphene,wc_8443,wc_8443,wc_8443,wc_8443,wc_8443,wc_8443,wc_8443,wc_8443,0.7163867743539266,0.813662182172974,0.7089466974738982,0.7175724832881674,0.6939059348886412,0.6975016523116642,0.6287662627564414,0.06513827639295221,500
Graphene,447.dealII,447.dealII,447.dealII,447.dealII,447.dealII,447.dealII,447.dealII,447.dealII,3.5793061128535175,3.579275365680247,3.5793158495685136,3.5793260987994224,3.579264604294402,3.5792958637370655,3.579336348089028,3.579285614679309,500
Graphene,458.sjeng,458.sjeng,458.sjeng,458.sjeng,458.sjeng,458.sjeng,458.sjeng,458.sjeng,3.3970552965867067,3.397028985625404,3.3970483726100067,3.3970857624195077,3.397077453501823,3.3970959178185427,3.397043295045032,3.3970714526421064,500
Graphene,ycsb_dserver,ycsb_dserver,ycsb_dserver,ycsb_dserver,ycsb_dserver,ycsb_dserver,ycsb_dserver,ycsb_dserver,1.8587891282546654,1.858825753004736,1.8587379942254214,1.858806403900341,1.8588375008717948,1.858752090352601,1.858812208589363,1.8588258912140736,500
Graphene,525.x264,525.x264,525.x264,525.x264,525.x264,525.x264,525.x264,525.x264,3.3158644750482527,3.315810380741243,3.31582797219214,3.3158270926151623,3.3158504015627472,3.315829291558482,3.315846443416473,3.315855239309915,500
Graphene,403.gcc,403.gcc,403.gcc,403.gcc,403.gcc,403.gcc,403.gcc,403.gcc,3.6838795200464935,3.6842285984265986,3.6839609476562196,3.684072237877892,3.6840391215482398,3.6838578066251677,3.6840602942149494,3.683685736813031,500
Graphene,h264_decode,h264_decode,h264_decode,h264_decode,h264_decode,h264_decode,h264_decode,h264_decode,0.03744645852934433,0.03746666652499271,0.03748902263309318,0.03732468294092715,0.03627358290719128,0.03436514573432168,0.02402220386524409,0.005376014918986743,500
Graphene,470.lbm,470.lbm,470.lbm,470.lbm,470.lbm,470.lbm,470.lbm,470.lbm,0.16831214907253542,0.16833739624617167,0.168042130716411,0.16843365586604264,0.16758281959702767,0.16799349158270963,0.16746266583978514,0.1679189366900069,500
Graphene,434.zeusmp,434.zeusmp,434.zeusmp,434.zeusmp,434.zeusmp,434.zeusmp,434.zeusmp,434.zeusmp,0.17573745499056237,0.17636937877103306,0.17592128251625191,0.17627457091243948,0.17622437541622876,0.17589306962168524,0.17654479021832264,0.17631063259183005,500
Graphene,500.perlbench,500.perlbench,500.perlbench,500.perlbench,500.perlbench,500.perlbench,500.perlbench,500.perlbench,1.9531674203549108,1.9531860370636582,1.9531806961682892,1.9531748975149599,1.9531790176072057,1.9531851214795206,1.9531907675953777,1.9531945825570036,500
Graphene,bfs_dblp,bfs_dblp,bfs_dblp,bfs_dblp,bfs_dblp,bfs_dblp,bfs_dblp,bfs_dblp,0.03581653563003248,0.0358727792374874,0.03591497505470099,0.03537325048819967,0.03422301902901706,0.030569842367989587,0.009208839088286017,0.0028208217690642006,500
Graphene,549.fotonik3d,549.fotonik3d,549.fotonik3d,549.fotonik3d,549.fotonik3d,549.fotonik3d,549.fotonik3d,549.fotonik3d,0.23878185189920495,0.23885437188437164,0.23880996219638298,0.23874703113291845,0.23883256654386406,0.23874801381946084,0.23872941482808174,0.23874752361518606,500
Graphene,526.blender,526.blender,526.blender,526.blender,526.blender,526.blender,526.blender,526.blender,3.1068443781650976,3.1070092513064664,3.10706717342518,3.1069049969347273,3.106923144415007,3.186713089003367,3.213460956577916,3.1070586780459584,500
Graphene,507.cactuBSSN,507.cactuBSSN,507.cactuBSSN,507.cactuBSSN,507.cactuBSSN,507.cactuBSSN,507.cactuBSSN,507.cactuBSSN,1.5315133686108249,1.5322471213060433,1.5358858814673313,1.5331502343113503,1.5328725436713855,1.532114342306212,1.530280049206461,1.5340225021465577,500
Graphene,tpcc64,tpcc64,tpcc64,tpcc64,tpcc64,tpcc64,tpcc64,tpcc64,1.340873979514449,1.3386647889661893,1.3431456751085342,1.3436198720949124,1.3476071886757872,1.3392955198421987,1.3389297024416187,1.3392103597885054,500
Graphene,459.GemsFDTD,459.GemsFDTD,459.GemsFDTD,459.GemsFDTD,459.GemsFDTD,459.GemsFDTD,459.GemsFDTD,459.GemsFDTD,0.4936686891877928,0.4931735800758347,0.49439750722403747,0.49277316614367667,0.4956761475700855,0.4951500743428225,0.4931994989803298,0.4938972378046252,500
Graphene,471.omnetpp,471.omnetpp,471.omnetpp,471.omnetpp,471.omnetpp,471.omnetpp,471.omnetpp,471.omnetpp,0.6801491637851694,0.6800714553798454,0.6516969275618011,0.6372519656036879,0.6381472044277001,0.6370679624866863,0.6391763236408465,0.6364492607756397,500
Graphene,557.xz,557.xz,557.xz,557.xz,557.xz,557.xz,557.xz,557.xz,1.5532114074804153,1.554146559377506,1.5546502792431738,1.5499527450407091,1.5501791759098684,1.5504943286018449,1.5502153187069072,1.5501803293773557,500
Graphene,544.nab,544.nab,544.nab,544.nab,544.nab,544.nab,544.nab,544.nab,2.7813607885536102,2.78136171687006,2.7813762605753487,2.7813969933543525,2.78137780778699,2.7814192737002235,2.7813966839076176,2.7814065862372885,500
Graphene,433.milc,433.milc,433.milc,433.milc,433.milc,433.milc,433.milc,433.milc,0.27246857025997706,0.27236532792861745,0.2723961677563785,0.2724703134057084,0.2722918799914709,0.2723679006149141,0.2722450179025601,0.2721911926682058,500
Graphene,481.wrf,481.wrf,481.wrf,481.wrf,481.wrf,481.wrf,481.wrf,481.wrf,3.638692399499316,3.6387347682562603,3.638777137999895,3.6387453605996654,3.6387559530047393,3.6387241759745232,3.638644735827115,3.638766545471482,500
Graphene,ycsb_eserver,ycsb_eserver,ycsb_eserver,ycsb_eserver,ycsb_eserver,ycsb_eserver,ycsb_eserver,ycsb_eserver,1.6264334734061212,1.626455588296468,1.6264619371799245,1.6264554824821635,1.6264643709317246,1.6264622546253984,1.6264694500893777,1.6264738943783468,500
Graphene,482.sphinx3,482.sphinx3,482.sphinx3,482.sphinx3,482.sphinx3,482.sphinx3,482.sphinx3,482.sphinx3,0.5238616794783326,0.515928764023305,0.5200354364627257,0.5234418951125874,0.5168051921639847,0.5202334066716772,0.5227513516049846,0.5219641469091058,500
Graphene,502.gcc,502.gcc,502.gcc,502.gcc,502.gcc,502.gcc,502.gcc,502.gcc,2.7042700098943833,2.703978103401637,2.70412346378746,2.7042741052233055,2.703990386773377,2.704309501083022,2.704264744489709,2.7040193408768984,1000
Graphene,462.libquantum,462.libquantum,462.libquantum,462.libquantum,462.libquantum,462.libquantum,462.libquantum,462.libquantum,0.294526064620126,0.29455094536067006,0.2943951612551851,0.29447002721515547,0.294347431978781,0.2933586350853501,0.2936374151572862,0.2938136881568462,1000
Graphene,wc_map0,wc_map0,wc_map0,wc_map0,wc_map0,wc_map0,wc_map0,wc_map0,2.1947182087166484,2.17162528345139,2.209952174866974,2.171652447699877,2.139538657270041,2.166111463417107,2.1378685792324026,2.139028465249643,1000
Graphene,523.xalancbmk,523.xalancbmk,523.xalancbmk,523.xalancbmk,523.xalancbmk,523.xalancbmk,523.xalancbmk,523.xalancbmk,2.2238593780772655,2.2236884729860096,2.2235007845844867,2.2235553671957096,2.223361966974537,2.223267058928049,2.223343775637933,2.223267058928049,1000
Graphene,464.h264ref,464.h264ref,464.h264ref,464.h264ref,464.h264ref,464.h264ref,464.h264ref,464.h264ref,2.827424525012472,2.827356095208615,2.827467695050597,2.827500952867821,2.8274485082042378,2.8275546786868655,2.8275361302566724,2.827572907553635,1000
Graphene,ycsb_abgsave,ycsb_abgsave,ycsb_abgsave,ycsb_abgsave,ycsb_abgsave,ycsb_abgsave,ycsb_abgsave,ycsb_abgsave,2.0329262493388924,2.032941954058927,2.032895005933207,2.0265929527256663,2.0266798622441375,2.032919967518818,2.0329574937049473,2.032989730962271,1000
Graphene,505.mcf,505.mcf,505.mcf,505.mcf,505.mcf,505.mcf,505.mcf,505.mcf,0.8047562510809888,0.772227844898964,0.7565322703227794,0.7852645176091799,0.743633751453804,0.7565785412052042,0.7721777797874991,0.7494440848611725,1000
Graphene,bfs_ny,bfs_ny,bfs_ny,bfs_ny,bfs_ny,bfs_ny,bfs_ny,bfs_ny,0.035833589760890565,0.03588830028950144,0.0359346317942645,0.03541174135379699,0.03426123084209102,0.030567997634046766,0.00919128991881487,0.002834262361114407,1000
Graphene,444.namd,444.namd,444.namd,444.namd,444.namd,444.namd,444.namd,444.namd,3.6559579757867366,3.6559045124536924,3.6558617429130753,3.655813628376016,3.6559152049952086,3.6559258975992703,3.6558243203859146,3.6567440672618576,1000
Graphene,tpch17,tpch17,tpch17,tpch17,tpch17,tpch17,tpch17,tpch17,0.651268864523676,0.6405983290889423,0.6402650061982774,0.6406062246323138,0.6506195941481816,0.6401965208699328,0.642282258029087,0.6410138726683889,1000
Graphene,437.leslie3d,437.leslie3d,437.leslie3d,437.leslie3d,437.leslie3d,437.leslie3d,437.leslie3d,437.leslie3d,0.21305606909643535,0.2131940256484693,0.21313799662218902,0.21307667582930465,0.21313812927146394,0.2130539883067449,0.21314092039586477,0.21305691522323875,1000
Graphene,tpch2,tpch2,tpch2,tpch2,tpch2,tpch2,tpch2,tpch2,0.6497093057629969,0.6611677433607056,0.6500557149752191,0.649868451028669,0.6510590791061001,0.6503005949470083,0.6500521315807443,0.6497089511805576,1000
Graphene,429.mcf,429.mcf,429.mcf,429.mcf,429.mcf,429.mcf,429.mcf,429.mcf,0.09566118369924247,0.09562654227443645,0.09551275936996025,0.09533264779244975,0.09513023711885124,0.09467533458992244,0.09358626766618149,0.09106599397406848,1000
Graphene,473.astar,473.astar,473.astar,473.astar,473.astar,473.astar,473.astar,473.astar,0.6947366197895448,0.7003519913080155,0.6944581214113356,0.7004388193167914,0.6990793795687285,0.6970073987335376,0.6973762335016475,0.6986998174576857,1000
Graphene,ycsb_aserver,ycsb_aserver,ycsb_aserver,ycsb_aserver,ycsb_aserver,ycsb_aserver,ycsb_aserver,ycsb_aserver,1.491771834094684,1.4916743686786569,1.4918943292440112,1.4918145626760528,1.4918973562683708,1.4917756617636178,1.477016297102419,1.4917702318204973,1000
Graphene,445.gobmk,445.gobmk,445.gobmk,445.gobmk,445.gobmk,445.gobmk,445.gobmk,445.gobmk,3.3628854741103553,3.362831191792755,3.3628759745782717,3.362894521333665,3.362818526170799,3.3628592374380393,3.362838429333851,3.3628691892310707,1000
Graphene,510.parest,510.parest,510.parest,510.parest,510.parest,510.parest,510.parest,510.parest,0.4518785740093145,0.44933899627481794,0.4517024638761344,0.44881069026850784,0.45035880446238563,0.450252866512362,0.44821459453414136,0.44689065636725517,1000
Graphene,538.imagick,538.imagick,538.imagick,538.imagick,538.imagick,538.imagick,538.imagick,538.imagick,3.924515553875514,3.9245032324563325,3.9244909111145194,3.924478589850074,3.9244662686629956,3.9244539475532836,3.9244416265209368,3.924429305565955,1000
Graphene,520.omnetpp,520.omnetpp,520.omnetpp,520.omnetpp,520.omnetpp,520.omnetpp,520.omnetpp,520.omnetpp,0.4890136817030289,0.48890262422785896,0.48883971117942004,0.488849786120397,0.48876289146339635,0.4887274142200793,0.4887345417418691,0.48871411516423013,1000
Graphene,519.lbm,519.lbm,519.lbm,519.lbm,519.lbm,519.lbm,519.lbm,519.lbm,0.16648879558708793,0.1665272345233818,0.16643232994610255,0.1664387797989578,0.16650051025746374,0.16649540283549397,0.16645642110971037,0.16646604179309762,1000
Graphene,h264_encode,h264_encode,h264_encode,h264_encode,h264_encode,h264_encode,h264_encode,h264_encode,2.4267368155388813,2.4269462482857267,2.425536278794633,2.425692311991381,2.4263060490042,2.4226886145457835,2.4218688166661773,2.419774552508672,1000
Graphene,bfs_cm2003,bfs_cm2003,bfs_cm2003,bfs_cm2003,bfs_cm2003,bfs_cm2003,bfs_cm2003,bfs_cm2003,0.03583668257593186,0.0358928379181404,0.03593726489167484,0.03540227609871194,0.03425033710860049,0.030548831272405513,0.009236939140047778,0.0028292729516370355,1000
Graphene,435.gromacs,435.gromacs,435.gromacs,435.gromacs,435.gromacs,435.gromacs,435.gromacs,435.gromacs,3.2754564545096745,3.275405387098545,3.275413969745394,3.2754397179558166,3.2754311351740295,3.2754225524372225,3.275465037424153,3.275448300782583,1000
Graphene,ycsb_cserver,ycsb_cserver,ycsb_cserver,ycsb_cserver,ycsb_cserver,ycsb_cserver,ycsb_cserver,ycsb_cserver,1.6314960708027528,1.6315114027963453,1.6315009684916049,1.6315303552422409,1.6314987325865247,1.6314974549292303,1.6315069309351138,1.6315155552608676,1000
Graphene,508.namd,508.namd,508.namd,508.namd,508.namd,508.namd,508.namd,508.namd,2.782813433286055,2.782802281897871,2.7828487466049245,2.782789581814626,2.7827908208420347,2.7828481270652907,2.782842860989541,2.782835116796703,1000
Graphene,jp2_decode,jp2_decode,jp2_decode,jp2_decode,jp2_decode,jp2_decode,jp2_decode,jp2_decode,0.5728539892795647,0.5726079868232367,0.5711480104710164,0.5653150669331909,0.5655788315878855,0.5653075888337913,0.5654266866966432,0.5653494559540423,1000
Graphene,483.xalancbmk,483.xalancbmk,483.xalancbmk,483.xalancbmk,483.xalancbmk,483.xalancbmk,483.xalancbmk,483.xalancbmk,0.5023110931547174,0.5056417381446884,0.5011752057399396,0.5015379661732703,0.5021260519164193,0.5022973372394385,0.5005405537656337,0.500553261519958,1000
Graphene,jp2_encode,jp2_encode,jp2_encode,jp2_encode,jp2_encode,jp2_encode,jp2_encode,jp2_encode,2.8354254425446968,2.8357049278880235,2.834978187677824,2.8340654669122856,2.833124758688599,2.8313853402192626,2.8235806481269607,2.8065577804573545,1000
Graphene,541.leela,541.leela,541.leela,541.leela,541.leela,541.leela,541.leela,541.leela,3.4772966605572884,3.4772308835407224,3.4772129887535805,3.477252164067884,3.4772768304593873,3.477275379485494,3.47726619001229,3.477296176893673,1000
Graphene,401.bzip2,401.bzip2,401.bzip2,401.bzip2,401.bzip2,401.bzip2,401.bzip2,401.bzip2,2.439132663937765,2.438997025887027,2.439169788560079,2.43920834224864,2.43916122123924,2.438991553089334,2.4389941705112532,2.4391804977957614,1000
Graphene,ycsb_bserver,ycsb_bserver,ycsb_bserver,ycsb_bserver,ycsb_bserver,ycsb_bserver,ycsb_bserver,ycsb_bserver,1.5994362818813235,1.599454803437881,1.5994566453840833,1.5994393517229193,1.5994654458522726,1.599452040526532,1.5994907221540662,1.5994382261129658,1000
Graphene,531.deepsjeng,531.deepsjeng,531.deepsjeng,531.deepsjeng,531.deepsjeng,531.deepsjeng,531.deepsjeng,531.deepsjeng,3.2471471214820085,3.247121816164588,3.2471062114154488,3.2471542913936515,3.2470534937776065,3.24712055090907,3.2471391080888186,3.2471348905293413,1000
Graphene,450.soplex,450.soplex,450.soplex,450.soplex,450.soplex,450.soplex,450.soplex,450.soplex,0.28845837540450664,0.29199097715177613,0.29330437613531524,0.2807622524450433,0.29939272138451073,0.28079304897481167,0.28113842529599886,0.28094007674024285,1000
Graphene,grep_map0,grep_map0,grep_map0,grep_map0,grep_map0,grep_map0,grep_map0,grep_map0,0.0796316725536451,0.079713724166173,0.07960809381221572,0.07883825909204903,0.07696987910935296,0.07248845663371413,0.05872956156051906,0.052329841774653135,1000
Graphene,511.povray,511.povray,511.povray,511.povray,511.povray,511.povray,511.povray,511.povray,3.0646554027913373,3.0650292544782225,3.064129910283502,3.065071341987542,3.065166043109721,3.0641588283441066,3.064995810763726,3.063557294893614,1000
Graphene,456.hmmer,456.hmmer,456.hmmer,456.hmmer,456.hmmer,456.hmmer,456.hmmer,456.hmmer,2.926810650921518,2.926729788033351,2.9182036845473176,2.918207772191161,2.9268188745163872,2.9268397763613434,2.926831895302774,2.9182016407296905,1000
Graphene,436.cactusADM,436.cactusADM,436.cactusADM,436.cactusADM,436.cactusADM,436.cactusADM,436.cactusADM,436.cactusADM,1.049682038714289,1.0497845632119376,1.0457547835542762,1.0488661274683648,1.0468031114505731,1.0488665235117696,1.0468037250971152,1.0497831525928678,1000
Graphene,tpch6,tpch6,tpch6,tpch6,tpch6,tpch6,tpch6,tpch6,2.6594612995191693,2.659478840016178,2.6685373469273608,2.6594443250649435,2.6594963807445655,2.6594675235400107,2.6594901565886526,2.6594709184727487,1000
Graphene,gups,gups,gups,gups,gups,gups,gups,gups,0.09930899963855894,0.09929442927549927,0.099255869219895,0.09928123365272437,0.09930619449161092,0.09929256154898652,0.09923352619766083,0.09925242438735925,1000
Graphene,wc_8443,wc_8443,wc_8443,wc_8443,wc_8443,wc_8443,wc_8443,wc_8443,0.7163867743539266,0.813662182172974,0.7089466974738982,0.7175724832881674,0.6939059348886412,0.6975016523116642,0.6287662627564414,0.06519740234772195,1000
Graphene,447.dealII,447.dealII,447.dealII,447.dealII,447.dealII,447.dealII,447.dealII,447.dealII,3.5793061128535175,3.579275365680247,3.5793158495685136,3.5793260987994224,3.579264604294402,3.5792958637370655,3.579336348089028,3.579285614679309,1000
Graphene,458.sjeng,458.sjeng,458.sjeng,458.sjeng,458.sjeng,458.sjeng,458.sjeng,458.sjeng,3.3970552965867067,3.397028985625404,3.3970483726100067,3.3970857624195077,3.397077453501823,3.3970959178185427,3.397043295045032,3.3970714526421064,1000
Graphene,ycsb_dserver,ycsb_dserver,ycsb_dserver,ycsb_dserver,ycsb_dserver,ycsb_dserver,ycsb_dserver,ycsb_dserver,1.8587891282546654,1.858825753004736,1.8587379942254214,1.858806403900341,1.8588375008717948,1.858752090352601,1.858812208589363,1.8588258912140736,1000
Graphene,525.x264,525.x264,525.x264,525.x264,525.x264,525.x264,525.x264,525.x264,3.3158644750482527,3.315810380741243,3.31582797219214,3.3158270926151623,3.3158504015627472,3.315829291558482,3.315846443416473,3.315855239309915,1000
Graphene,403.gcc,403.gcc,403.gcc,403.gcc,403.gcc,403.gcc,403.gcc,403.gcc,3.6838795200464935,3.6842285984265986,3.6839609476562196,3.684072237877892,3.6840391215482398,3.6838578066251677,3.6840602942149494,3.683685736813031,1000
Graphene,h264_decode,h264_decode,h264_decode,h264_decode,h264_decode,h264_decode,h264_decode,h264_decode,0.03768614180350897,0.03770259212650254,0.03774130818729203,0.0375519309220154,0.03653519501098759,0.03462097409708434,0.02400271558659234,0.005312989729610018,1000
Graphene,470.lbm,470.lbm,470.lbm,470.lbm,470.lbm,470.lbm,470.lbm,470.lbm,0.16949931549735428,0.16933616896005302,0.16933604164431149,0.1695560210855527,0.16924999592615259,0.16918138783850556,0.16926826459925748,0.16857917720252807,1000
Graphene,434.zeusmp,434.zeusmp,434.zeusmp,434.zeusmp,434.zeusmp,434.zeusmp,434.zeusmp,434.zeusmp,0.17573745499056237,0.17636937877103306,0.17592128251625191,0.17627457091243948,0.17622437541622876,0.17589306962168524,0.17654479021832264,0.17631063259183005,1000
Graphene,500.perlbench,500.perlbench,500.perlbench,500.perlbench,500.perlbench,500.perlbench,500.perlbench,500.perlbench,1.9531674203549108,1.9531860370636582,1.9531806961682892,1.9531748975149599,1.9531790176072057,1.9531851214795206,1.9531907675953777,1.9531945825570036,1000
Graphene,bfs_dblp,bfs_dblp,bfs_dblp,bfs_dblp,bfs_dblp,bfs_dblp,bfs_dblp,bfs_dblp,0.035848908505845,0.035904952553220924,0.03594521606298421,0.03541464528429923,0.03426972759487019,0.030609050312585744,0.00919086100104236,0.002821224507612976,1000
Graphene,549.fotonik3d,549.fotonik3d,549.fotonik3d,549.fotonik3d,549.fotonik3d,549.fotonik3d,549.fotonik3d,549.fotonik3d,0.23878185189920495,0.23885437188437164,0.23880996219638298,0.23874703113291845,0.23883256654386406,0.23874801381946084,0.23872941482808174,0.23874752361518606,1000
Graphene,526.blender,526.blender,526.blender,526.blender,526.blender,526.blender,526.blender,526.blender,3.1068443781650976,3.1070092513064664,3.10706717342518,3.1069049969347273,3.106923144415007,3.186713089003367,3.213460956577916,3.1070586780459584,1000
Graphene,507.cactuBSSN,507.cactuBSSN,507.cactuBSSN,507.cactuBSSN,507.cactuBSSN,507.cactuBSSN,507.cactuBSSN,507.cactuBSSN,1.5315133686108249,1.5322471213060433,1.5358858814673313,1.5331502343113503,1.5328725436713855,1.532114342306212,1.530280049206461,1.5340225021465577,1000
Graphene,tpcc64,tpcc64,tpcc64,tpcc64,tpcc64,tpcc64,tpcc64,tpcc64,1.340873979514449,1.3386647889661893,1.3431456751085342,1.3436198720949124,1.3476071886757872,1.3392955198421987,1.3389297024416187,1.3392103597885054,1000
Graphene,459.GemsFDTD,459.GemsFDTD,459.GemsFDTD,459.GemsFDTD,459.GemsFDTD,459.GemsFDTD,459.GemsFDTD,459.GemsFDTD,0.4936686891877928,0.4931735800758347,0.49439750722403747,0.49277316614367667,0.4956761475700855,0.4951500743428225,0.4931994989803298,0.4938972378046252,1000
Graphene,471.omnetpp,471.omnetpp,471.omnetpp,471.omnetpp,471.omnetpp,471.omnetpp,471.omnetpp,471.omnetpp,0.678891234835267,0.6789683049447632,0.6365758939148819,0.6350668736849194,0.6360694530850945,0.6350319005735126,0.6386706657669075,0.6345442595255564,1000
Graphene,557.xz,557.xz,557.xz,557.xz,557.xz,557.xz,557.xz,557.xz,1.5532114074804153,1.554146559377506,1.5546502792431738,1.5499527450407091,1.5501791759098684,1.5504943286018449,1.5502153187069072,1.5501803293773557,1000
Graphene,544.nab,544.nab,544.nab,544.nab,544.nab,544.nab,544.nab,544.nab,2.7813607885536102,2.78136171687006,2.7813762605753487,2.7813969933543525,2.78137780778699,2.7814192737002235,2.7813966839076176,2.7814065862372885,1000
Graphene,433.milc,433.milc,433.milc,433.milc,433.milc,433.milc,433.milc,433.milc,0.27246857025997706,0.27236532792861745,0.2723961677563785,0.2724703134057084,0.2722918799914709,0.2723679006149141,0.2722450179025601,0.2721911926682058,1000
Graphene,481.wrf,481.wrf,481.wrf,481.wrf,481.wrf,481.wrf,481.wrf,481.wrf,3.638692399499316,3.6387347682562603,3.638777137999895,3.6387453605996654,3.6387559530047393,3.6387241759745232,3.638644735827115,3.638766545471482,1000
Graphene,ycsb_eserver,ycsb_eserver,ycsb_eserver,ycsb_eserver,ycsb_eserver,ycsb_eserver,ycsb_eserver,ycsb_eserver,1.6264334734061212,1.626455588296468,1.6264619371799245,1.6264554824821635,1.6264643709317246,1.6264622546253984,1.6264694500893777,1.6264738943783468,1000
Graphene,482.sphinx3,482.sphinx3,482.sphinx3,482.sphinx3,482.sphinx3,482.sphinx3,482.sphinx3,482.sphinx3,0.5238298035062025,0.5168106514923342,0.5196192321719628,0.5237955828653726,0.5175899850892677,0.5206200743353837,0.522615167972905,0.5218177316128182,1000
Hydra,502.gcc,502.gcc,502.gcc,502.gcc,502.gcc,502.gcc,502.gcc,502.gcc,2.693663350910744,2.692498279762849,2.693624460264999,2.6935095362627726,2.692496249891223,2.6936656727758646,2.6926284879232383,2.6936810552333914,125
Hydra,462.libquantum,462.libquantum,462.libquantum,462.libquantum,462.libquantum,462.libquantum,462.libquantum,462.libquantum,0.2837964928043456,0.28381026266764686,0.2837946951529035,0.28232973619651525,0.2829010817922363,0.2820447799789543,0.2823203402849974,0.2823652052606987,125
Hydra,wc_map0,wc_map0,wc_map0,wc_map0,wc_map0,wc_map0,wc_map0,wc_map0,1.8979663897483092,1.8935777492798533,1.9133065495927144,1.8451773669363258,1.844688040009365,1.8713342433507003,1.8446617701964638,1.8692818667695519,125
Hydra,523.xalancbmk,523.xalancbmk,523.xalancbmk,523.xalancbmk,523.xalancbmk,523.xalancbmk,523.xalancbmk,523.xalancbmk,2.20872894981918,2.208647189461113,2.208497733904645,2.2084343287159096,2.208358442368823,2.2084405715267525,2.2083683911815433,2.2083157220154503,125
Hydra,464.h264ref,464.h264ref,464.h264ref,464.h264ref,464.h264ref,464.h264ref,464.h264ref,464.h264ref,2.827424525012472,2.827356095208615,2.827467695050597,2.827500952867821,2.8274485082042378,2.8275546786868655,2.8275361302566724,2.827572907553635,125
Hydra,ycsb_abgsave,ycsb_abgsave,ycsb_abgsave,ycsb_abgsave,ycsb_abgsave,ycsb_abgsave,ycsb_abgsave,ycsb_abgsave,1.9503580818431103,1.950387448367393,1.94177471995725,1.950447097087171,1.9418174028316513,1.9504219894007828,1.9418905562910573,1.9504569881714147,125
Hydra,505.mcf,505.mcf,505.mcf,505.mcf,505.mcf,505.mcf,505.mcf,505.mcf,0.5922441319385368,0.6313207039730906,0.5921478588466357,0.6317417425605397,0.6050251550098649,0.5918710675642368,0.6177687847116557,0.5920654280610547,125
Hydra,bfs_ny,bfs_ny,bfs_ny,bfs_ny,bfs_ny,bfs_ny,bfs_ny,bfs_ny,0.01058070213543603,0.010581418869067424,0.010581624273222458,0.010564360984711795,0.010179211115136972,0.009507315353029325,0.006867378063964093,0.001079814744157697,125
Hydra,444.namd,444.namd,444.namd,444.namd,444.namd,444.namd,444.namd,444.namd,3.6559579757867366,3.6559045124536924,3.6558617429130753,3.655813628376016,3.6559152049952086,3.6559258975992703,3.6558243203859146,3.6567440672618576,125
Hydra,tpch17,tpch17,tpch17,tpch17,tpch17,tpch17,tpch17,tpch17,0.5186737917784477,0.5168839522749882,0.5173117015927593,0.5177754700640138,0.5169562476354421,0.5247738822809594,0.5164118153701343,0.5167966348187639,125
Hydra,437.leslie3d,437.leslie3d,437.leslie3d,437.leslie3d,437.leslie3d,437.leslie3d,437.leslie3d,437.leslie3d,0.17422397175921409,0.1741879126102308,0.17433337914349648,0.1742131166337722,0.17365265509700065,0.17420568236358813,0.17415821098945417,0.17410478765462786,125
Hydra,tpch2,tpch2,tpch2,tpch2,tpch2,tpch2,tpch2,tpch2,0.46696100526319223,0.4687157456674119,0.46730617579131195,0.46923848899800913,0.4653496724924847,0.4682382039371416,0.46468591507251517,0.4671041963164948,125
Hydra,429.mcf,429.mcf,429.mcf,429.mcf,429.mcf,429.mcf,429.mcf,429.mcf,0.01382079656533613,0.013821724445778014,0.013816101124204432,0.013812619227490396,0.013809923081230796,0.013802988596589195,0.013794525247139046,0.013764376613332218,125
Hydra,473.astar,473.astar,473.astar,473.astar,473.astar,473.astar,473.astar,473.astar,0.48157018385559847,0.48370535950955834,0.47734626333249597,0.4808170535730977,0.4838986311340031,0.48262563169903683,0.4788766916654347,0.48223356079776014,125
Hydra,ycsb_aserver,ycsb_aserver,ycsb_aserver,ycsb_aserver,ycsb_aserver,ycsb_aserver,ycsb_aserver,ycsb_aserver,1.4721587689078184,1.47215582145176,1.4721811352824934,1.4722339330252516,1.4722366206963726,1.472234193122028,1.4723226313538524,1.4722505794042156,125
Hydra,445.gobmk,445.gobmk,445.gobmk,445.gobmk,445.gobmk,445.gobmk,445.gobmk,445.gobmk,3.3628854741103553,3.362831191792755,3.3628759745782717,3.362894521333665,3.362818526170799,3.3628592374380393,3.362838429333851,3.3628691892310707,125
Hydra,510.parest,510.parest,510.parest,510.parest,510.parest,510.parest,510.parest,510.parest,0.4092557744311824,0.40891224566557927,0.4082103111279388,0.4055241998837216,0.40473742894045195,0.40765861389255226,0.4091384978493144,0.4076978839957967,125
Hydra,538.imagick,538.imagick,538.imagick,538.imagick,538.imagick,538.imagick,538.imagick,538.imagick,3.924515553875514,3.9245032324563325,3.9244909111145194,3.924478589850074,3.9244662686629956,3.9244539475532836,3.9244416265209368,3.924429305565955,125
Hydra,520.omnetpp,520.omnetpp,520.omnetpp,520.omnetpp,520.omnetpp,520.omnetpp,520.omnetpp,520.omnetpp,0.23602333757221808,0.2360729851928508,0.23599193636320737,0.23611620649884735,0.23584624202362114,0.23626361454903022,0.23610266873551788,0.23593880906224354,125
Hydra,519.lbm,519.lbm,519.lbm,519.lbm,519.lbm,519.lbm,519.lbm,519.lbm,0.10768257404907425,0.10763671793103594,0.10763767167126873,0.10763854710660223,0.10770545644071025,0.10764044122850208,0.10761729228056771,0.10765133731574672,125
Hydra,h264_encode,h264_encode,h264_encode,h264_encode,h264_encode,h264_encode,h264_encode,h264_encode,2.312603280862523,2.310389136069721,2.316939319451901,2.310359884759249,2.312674092323985,2.3197356614819027,2.3093591676108867,2.3069247051150428,125
Hydra,435.gromacs,435.gromacs,435.gromacs,435.gromacs,435.gromacs,435.gromacs,435.gromacs,435.gromacs,3.2754564545096745,3.275405387098545,3.275413969745394,3.2754397179558166,3.2754311351740295,3.2754225524372225,3.275465037424153,3.275448300782583,125
Hydra,ycsb_cserver,ycsb_cserver,ycsb_cserver,ycsb_cserver,ycsb_cserver,ycsb_cserver,ycsb_cserver,ycsb_cserver,1.6275235321999997,1.627538683664941,1.6274417403523465,1.6275501269163588,1.6275292536990649,1.6275232143401202,1.6275315846916982,1.6275376241127641,125
Hydra,508.namd,508.namd,508.namd,508.namd,508.namd,508.namd,508.namd,508.namd,2.782813433286055,2.782802281897871,2.7828487466049245,2.782789581814626,2.7827908208420347,2.7828481270652907,2.782842860989541,2.782835116796703,125
Hydra,jp2_decode,jp2_decode,jp2_decode,jp2_decode,jp2_decode,jp2_decode,jp2_decode,jp2_decode,0.4799843640293574,0.4829529676252478,0.4854940966636613,0.47963684507315496,0.4819785334472859,0.47838892388038096,0.47867746547711104,0.4785944515626329,125
Hydra,483.xalancbmk,483.xalancbmk,483.xalancbmk,483.xalancbmk,483.xalancbmk,483.xalancbmk,483.xalancbmk,483.xalancbmk,0.20704358808327006,0.20998191005844846,0.20845844314229256,0.2065719391653241,0.20773687230102023,0.20736510418885473,0.20788609411998007,0.20864198959933036,125
Hydra,jp2_encode,jp2_encode,jp2_encode,jp2_encode,jp2_encode,jp2_encode,jp2_encode,jp2_encode,2.7281875133476574,2.7295305949808957,2.725613175744921,2.725680038089743,2.728249738306285,2.7256877646165822,2.7170383846880757,2.703779537709938,125
Hydra,541.leela,541.leela,541.leela,541.leela,541.leela,541.leela,541.leela,541.leela,3.4773111705283135,3.4772966605572884,3.47726957560203,3.477241040123467,3.4772845690072685,3.4772105705532286,3.477213956034663,3.4772216943026972,125
Hydra,401.bzip2,401.bzip2,401.bzip2,401.bzip2,401.bzip2,401.bzip2,401.bzip2,401.bzip2,2.2515593399364664,2.2515356148353862,2.251553053749885,2.2515390620412488,2.2515514315138847,2.2515295315566726,2.251539467595574,2.2515416981469722,125
Hydra,ycsb_bserver,ycsb_bserver,ycsb_bserver,ycsb_bserver,ycsb_bserver,ycsb_bserver,ycsb_bserver,ycsb_bserver,1.5968709505348784,1.5968939008362102,1.5968883927037274,1.596865850557501,1.5969271544431687,1.5969266444080643,1.5969153217126444,1.5969009390607911,125
Hydra,531.deepsjeng,531.deepsjeng,531.deepsjeng,531.deepsjeng,531.deepsjeng,531.deepsjeng,531.deepsjeng,531.deepsjeng,3.2471471214820085,3.247121816164588,3.2471062114154488,3.2471542913936515,3.2470534937776065,3.24712055090907,3.2471391080888186,3.2471348905293413,125
Hydra,450.soplex,450.soplex,450.soplex,450.soplex,450.soplex,450.soplex,450.soplex,450.soplex,0.1046430116841415,0.1075845970392237,0.11698261682767336,0.10434308735018116,0.11773681749479817,0.13160554484903506,0.11123223362057975,0.10584079820015775,125
Hydra,grep_map0,grep_map0,grep_map0,grep_map0,grep_map0,grep_map0,grep_map0,grep_map0,0.024207653694942825,0.024189028542267052,0.02416679876561096,0.02414945167530117,0.023880139451493962,0.02257216713686477,0.019068838153341434,0.016045057159595144,125
Hydra,511.povray,511.povray,511.povray,511.povray,511.povray,511.povray,511.povray,511.povray,3.0646554027913373,3.0650292544782225,3.064129910283502,3.065071341987542,3.065166043109721,3.0641588283441066,3.064995810763726,3.063557294893614,125
Hydra,456.hmmer,456.hmmer,456.hmmer,456.hmmer,456.hmmer,456.hmmer,456.hmmer,456.hmmer,2.9185903582149386,2.918577069930741,2.9086265442189188,2.9086329739154957,2.918303494458317,2.9185903582149386,2.918325978179093,2.90863432753945,125
Hydra,436.cactusADM,436.cactusADM,436.cactusADM,436.cactusADM,436.cactusADM,436.cactusADM,436.cactusADM,436.cactusADM,0.8742988691363791,0.8717401712167435,0.8790736757625358,0.8759312112299706,0.8782386411161051,0.878834491104033,0.8790580969847921,0.8711399961000804,125
Hydra,tpch6,tpch6,tpch6,tpch6,tpch6,tpch6,tpch6,tpch6,2.6010860054289866,2.60111009136035,2.6011333658301594,2.6010854641772267,2.601063002427832,2.6011017018280125,2.6011230817107442,2.6011136095674368,125
Hydra,gups,gups,gups,gups,gups,gups,gups,gups,0.03319044210749568,0.033186028561443974,0.03316271034846847,0.03317815604511995,0.03316321919571176,0.033172616121628445,0.033174939628311216,0.03317404897757674,125
Hydra,wc_8443,wc_8443,wc_8443,wc_8443,wc_8443,wc_8443,wc_8443,wc_8443,0.5203687524475544,0.582213372164947,0.5195883455336487,0.5356334318477483,0.5167738593457312,0.49866081645775373,0.4619957321203863,0.27686395752331017,125
Hydra,447.dealII,447.dealII,447.dealII,447.dealII,447.dealII,447.dealII,447.dealII,447.dealII,3.5793061128535175,3.579275365680247,3.5793158495685136,3.5793260987994224,3.579264604294402,3.5792958637370655,3.579336348089028,3.579285614679309,125
Hydra,458.sjeng,458.sjeng,458.sjeng,458.sjeng,458.sjeng,458.sjeng,458.sjeng,458.sjeng,3.3970552965867067,3.397028985625404,3.3970483726100067,3.3970857624195077,3.397077453501823,3.3970959178185427,3.397043295045032,3.3970714526421064,125
Hydra,ycsb_dserver,ycsb_dserver,ycsb_dserver,ycsb_dserver,ycsb_dserver,ycsb_dserver,ycsb_dserver,ycsb_dserver,1.8586389127765293,1.8586823027943653,1.8586644767138336,1.8586712478204293,1.8586852047468143,1.8586795390385527,1.8586755316072234,1.8586856193121897,125
Hydra,525.x264,525.x264,525.x264,525.x264,525.x264,525.x264,525.x264,525.x264,3.3158644750482527,3.315810380741243,3.31582797219214,3.3158270926151623,3.3158504015627472,3.315829291558482,3.315846443416473,3.315855239309915,125
Hydra,403.gcc,403.gcc,403.gcc,403.gcc,403.gcc,403.gcc,403.gcc,403.gcc,3.6838795200464935,3.6842285984265986,3.6839609476562196,3.684072237877892,3.6840391215482398,3.6838578066251677,3.6840602942149494,3.683685736813031,125
Hydra,h264_decode,h264_decode,h264_decode,h264_decode,h264_decode,h264_decode,h264_decode,h264_decode,0.007476544585820672,0.007475565158407405,0.007475419831344039,0.007479086665986654,0.007397351445660369,0.006957409970244613,0.006095218847628309,0.004049755862962451,125
Hydra,470.lbm,470.lbm,470.lbm,470.lbm,470.lbm,470.lbm,470.lbm,470.lbm,0.10768990153541849,0.10772666905248203,0.10750386710760682,0.10770046707969365,0.10764558957267659,0.10744349817188756,0.10738522698082006,0.10699574929855085,125
Hydra,434.zeusmp,434.zeusmp,434.zeusmp,434.zeusmp,434.zeusmp,434.zeusmp,434.zeusmp,434.zeusmp,0.143698553726363,0.14321869148746652,0.14316331929447101,0.14339440070676232,0.1432547000262626,0.1436077667032319,0.14349294863310022,0.1431337910305393,125
Hydra,500.perlbench,500.perlbench,500.perlbench,500.perlbench,500.perlbench,500.perlbench,500.perlbench,500.perlbench,1.9531674203549108,1.9531860370636582,1.9531806961682892,1.9531748975149599,1.9531790176072057,1.9531851214795206,1.9531907675953777,1.9531945825570036,125
Hydra,549.fotonik3d,549.fotonik3d,549.fotonik3d,549.fotonik3d,549.fotonik3d,549.fotonik3d,549.fotonik3d,549.fotonik3d,0.19201803752926488,0.1919717712421372,0.19197841535993806,0.19201866433706552,0.19194337197578246,0.19193383472592845,0.19194028169693175,0.19199043992051995,125
Hydra,526.blender,526.blender,526.blender,526.blender,526.blender,526.blender,526.blender,526.blender,3.1057694637019404,3.1085480096588802,3.1056120521598722,3.1085252049792604,3.1084904188243216,3.186689529252025,3.2117518256239728,3.1050377125460416,125
Hydra,507.cactuBSSN,507.cactuBSSN,507.cactuBSSN,507.cactuBSSN,507.cactuBSSN,507.cactuBSSN,507.cactuBSSN,507.cactuBSSN,1.3591229633882174,1.3610163329581646,1.3594273787369027,1.35558510008095,1.3572370649064425,1.3581306993275732,1.3577969971830601,1.3547942864097984,125
Hydra,tpcc64,tpcc64,tpcc64,tpcc64,tpcc64,tpcc64,tpcc64,tpcc64,1.05340266970159,1.0652048987665481,1.0498186837154981,1.056480191714812,1.053205054642806,1.0491979406342822,1.0487741654872502,1.0502948387671387,125
Hydra,459.GemsFDTD,459.GemsFDTD,459.GemsFDTD,459.GemsFDTD,459.GemsFDTD,459.GemsFDTD,459.GemsFDTD,459.GemsFDTD,0.3966283732549046,0.39681627005118564,0.39630017956836694,0.39764162885399634,0.39569736413481715,0.39651151704973353,0.39576606299677547,0.3954735364532873,125
Hydra,471.omnetpp,471.omnetpp,471.omnetpp,471.omnetpp,471.omnetpp,471.omnetpp,471.omnetpp,471.omnetpp,0.28534856342863696,0.2532348421321839,0.26186013245891043,0.25378529652248666,0.25658716734089565,0.2542684631730322,0.2539042758942549,0.25299671573831445,125
Hydra,557.xz,557.xz,557.xz,557.xz,557.xz,557.xz,557.xz,557.xz,1.339128940547603,1.3420592234630604,1.3391247801826673,1.339952125118512,1.3392366886569331,1.3413514674036302,1.3409828717866965,1.339119328709122,125
Hydra,544.nab,544.nab,544.nab,544.nab,544.nab,544.nab,544.nab,544.nab,2.7813836872069255,2.781377188902127,2.7813765700175392,2.781358931922569,2.781368524542963,2.7813945177824007,2.7814251532954657,2.781411537428565,125
Hydra,433.milc,433.milc,433.milc,433.milc,433.milc,433.milc,433.milc,433.milc,0.20875660474583926,0.20880046870192892,0.20883978373153456,0.20883311099428895,0.2086826803133342,0.20866339361162498,0.2087405548447522,0.208682708184353,125
Hydra,481.wrf,481.wrf,481.wrf,481.wrf,481.wrf,481.wrf,481.wrf,481.wrf,3.638692399499316,3.6387347682562603,3.638777137999895,3.6387453605996654,3.6387559530047393,3.6387241759745232,3.638644735827115,3.638766545471482,125
Hydra,ycsb_eserver,ycsb_eserver,ycsb_eserver,ycsb_eserver,ycsb_eserver,ycsb_eserver,ycsb_eserver,ycsb_eserver,1.6174049333050136,1.6173984456542154,1.6173796108338814,1.617385889058585,1.6174112117263089,1.6174114210078583,1.617401480194078,1.6174129906212042,125
Hydra,482.sphinx3,482.sphinx3,482.sphinx3,482.sphinx3,482.sphinx3,482.sphinx3,482.sphinx3,482.sphinx3,0.4323397761759685,0.4292197785366727,0.43185401510138216,0.42667505543959666,0.42542671320358433,0.4325389426921196,0.4275214432357805,0.43209199812458243,125
Hydra,502.gcc,502.gcc,502.gcc,502.gcc,502.gcc,502.gcc,502.gcc,502.gcc,2.7042700098943833,2.703978103401637,2.70412346378746,2.7042741052233055,2.703990386773377,2.704309501083022,2.704264744489709,2.7040193408768984,250
Hydra,462.libquantum,462.libquantum,462.libquantum,462.libquantum,462.libquantum,462.libquantum,462.libquantum,462.libquantum,0.2895220599943907,0.2895847463621032,0.2895187641106379,0.289467424401298,0.2895773904089443,0.2893344616451467,0.2894887961351347,0.28911710148124753,250
Hydra,wc_map0,wc_map0,wc_map0,wc_map0,wc_map0,wc_map0,wc_map0,wc_map0,2.1492410642938586,2.1172258853053005,2.150558353766505,2.1172560091113146,2.089840399724609,2.1026125381308782,2.0914465774689797,2.08984633945023,250
Hydra,523.xalancbmk,523.xalancbmk,523.xalancbmk,523.xalancbmk,523.xalancbmk,523.xalancbmk,523.xalancbmk,523.xalancbmk,2.2238593780772655,2.2236884729860096,2.2235007845844867,2.2235553671957096,2.223361966974537,2.223267058928049,2.223343775637933,2.223267058928049,250
Hydra,464.h264ref,464.h264ref,464.h264ref,464.h264ref,464.h264ref,464.h264ref,464.h264ref,464.h264ref,2.827424525012472,2.827356095208615,2.827467695050597,2.827500952867821,2.8274485082042378,2.8275546786868655,2.8275361302566724,2.827572907553635,250
Hydra,ycsb_abgsave,ycsb_abgsave,ycsb_abgsave,ycsb_abgsave,ycsb_abgsave,ycsb_abgsave,ycsb_abgsave,ycsb_abgsave,1.9796804019796488,1.9797164586736962,1.9732601153852012,1.9797114420115198,1.9733191464842161,1.9797109717007444,1.97978387253803,1.9798290267168424,250
Hydra,505.mcf,505.mcf,505.mcf,505.mcf,505.mcf,505.mcf,505.mcf,505.mcf,0.6863141949129569,0.7171595776159579,0.7009039951331469,0.7167312216921629,0.6869044092284123,0.6862472967346487,0.672919741965964,0.6728137985390413,250
Hydra,bfs_ny,bfs_ny,bfs_ny,bfs_ny,bfs_ny,bfs_ny,bfs_ny,bfs_ny,0.01852429809952557,0.01852801297231269,0.01853271912531668,0.01847191993971983,0.017771795914490744,0.0161781832906577,0.008810372745324207,0.0016609339603000715,250
Hydra,444.namd,444.namd,444.namd,444.namd,444.namd,444.namd,444.namd,444.namd,3.6559579757867366,3.6559045124536924,3.6558617429130753,3.655813628376016,3.6559152049952086,3.6559258975992703,3.6558243203859146,3.6567440672618576,250
Hydra,tpch17,tpch17,tpch17,tpch17,tpch17,tpch17,tpch17,tpch17,0.5655770658590287,0.5628838530147249,0.5622519765968237,0.5631604746046163,0.5746840547978257,0.5625881069234253,0.5632120098067376,0.5627088733134574,250
Hydra,437.leslie3d,437.leslie3d,437.leslie3d,437.leslie3d,437.leslie3d,437.leslie3d,437.leslie3d,437.leslie3d,0.18079990622704384,0.18090298637399632,0.18039699461493325,0.1809247883713704,0.18080841481783974,0.18079705582553135,0.18043495954478597,0.18081912786320128,250
Hydra,tpch2,tpch2,tpch2,tpch2,tpch2,tpch2,tpch2,tpch2,0.5478956336838171,0.547932643560654,0.547381351698255,0.547676234928306,0.5526760274805553,0.54742047370965,0.5493905511725543,0.5494474097510652,250
Hydra,429.mcf,429.mcf,429.mcf,429.mcf,429.mcf,429.mcf,429.mcf,429.mcf,0.02379286735214539,0.023782682447611697,0.023771126128375304,0.023767113613544378,0.02374652263402702,0.02371279849146688,0.023651935647639413,0.023423481522098492,250
Hydra,473.astar,473.astar,473.astar,473.astar,473.astar,473.astar,473.astar,473.astar,0.5977385351537325,0.5984880707083492,0.5938369369852785,0.6005942952622936,0.5994649655289661,0.5941841398990871,0.5961022021517525,0.5984879417607075,250
Hydra,ycsb_aserver,ycsb_aserver,ycsb_aserver,ycsb_aserver,ycsb_aserver,ycsb_aserver,ycsb_aserver,ycsb_aserver,1.4918023669771763,1.4919963645419783,1.491937331948179,1.4919862138086666,1.4919367977378897,1.491863881623346,1.4770089670395996,1.4918529314671407,250
Hydra,445.gobmk,445.gobmk,445.gobmk,445.gobmk,445.gobmk,445.gobmk,445.gobmk,445.gobmk,3.3628854741103553,3.362831191792755,3.3628759745782717,3.362894521333665,3.362818526170799,3.3628592374380393,3.362838429333851,3.3628691892310707,250
Hydra,510.parest,510.parest,510.parest,510.parest,510.parest,510.parest,510.parest,510.parest,0.42117655502174706,0.4183042861163837,0.4198855442392669,0.41985015245766677,0.42132296658624063,0.4199311695859106,0.4185542837030248,0.41674850912805095,250
Hydra,538.imagick,538.imagick,538.imagick,538.imagick,538.imagick,538.imagick,538.imagick,538.imagick,3.924515553875514,3.9245032324563325,3.9244909111145194,3.924478589850074,3.9244662686629956,3.9244539475532836,3.9244416265209368,3.924429305565955,250
Hydra,520.omnetpp,520.omnetpp,520.omnetpp,520.omnetpp,520.omnetpp,520.omnetpp,520.omnetpp,520.omnetpp,0.3224625032217229,0.3223474070555091,0.3226867945437432,0.3223568629473106,0.3225924458010819,0.3224227412239593,0.3223085169613052,0.3225116567968209,250
Hydra,519.lbm,519.lbm,519.lbm,519.lbm,519.lbm,519.lbm,519.lbm,519.lbm,0.13279547906396674,0.13284710442890885,0.13279967553533356,0.1327616249570443,0.1327689068645715,0.13282359533602164,0.13282092225769343,0.13279651316726562,250
Hydra,h264_encode,h264_encode,h264_encode,h264_encode,h264_encode,h264_encode,h264_encode,h264_encode,2.426075302077914,2.426182193666597,2.4234650354097322,2.426151820429052,2.425238153536201,2.4234913475542514,2.4218465281667534,2.4197176402448988,250
Hydra,435.gromacs,435.gromacs,435.gromacs,435.gromacs,435.gromacs,435.gromacs,435.gromacs,435.gromacs,3.2754564545096745,3.275405387098545,3.275413969745394,3.2754397179558166,3.2754311351740295,3.2754225524372225,3.275465037424153,3.275448300782583,250
Hydra,ycsb_cserver,ycsb_cserver,ycsb_cserver,ycsb_cserver,ycsb_cserver,ycsb_cserver,ycsb_cserver,ycsb_cserver,1.6314960708027528,1.6315114027963453,1.6315009684916049,1.6315303552422409,1.6314987325865247,1.6314974549292303,1.6315069309351138,1.6315155552608676,250
Hydra,508.namd,508.namd,508.namd,508.namd,508.namd,508.namd,508.namd,508.namd,2.782813433286055,2.782802281897871,2.7828487466049245,2.782789581814626,2.7827908208420347,2.7828481270652907,2.782842860989541,2.782835116796703,250
Hydra,jp2_decode,jp2_decode,jp2_decode,jp2_decode,jp2_decode,jp2_decode,jp2_decode,jp2_decode,0.4950248811385857,0.4960897215964326,0.49499344816772134,0.4942958066197755,0.49374156886896997,0.4928862710275141,0.49364733147482354,0.49259072614808713,250
Hydra,483.xalancbmk,483.xalancbmk,483.xalancbmk,483.xalancbmk,483.xalancbmk,483.xalancbmk,483.xalancbmk,483.xalancbmk,0.3364928214640426,0.339613216409665,0.33577037711512675,0.33575346670490674,0.3358979274452953,0.33724449716130517,0.33585695803793764,0.3355498818991925,250
Hydra,jp2_encode,jp2_encode,jp2_encode,jp2_encode,jp2_encode,jp2_encode,jp2_encode,jp2_encode,2.8325694271264297,2.832296014359061,2.8322989022462624,2.829156197374158,2.829150434416049,2.8240437731303305,2.818300555746323,2.8008599760470454,250
Hydra,541.leela,541.leela,541.leela,541.leela,541.leela,541.leela,541.leela,541.leela,3.4772966605572884,3.4772308835407224,3.4772129887535805,3.477252164067884,3.4772768304593873,3.477275379485494,3.47726619001229,3.477296176893673,250
Hydra,401.bzip2,401.bzip2,401.bzip2,401.bzip2,401.bzip2,401.bzip2,401.bzip2,401.bzip2,2.2960362149200106,2.2948117061098903,2.2986799968039153,2.298682955808372,2.3022736056947566,2.2973148065614986,2.3022867509199245,2.3022939596555214,250
Hydra,ycsb_bserver,ycsb_bserver,ycsb_bserver,ycsb_bserver,ycsb_bserver,ycsb_bserver,ycsb_bserver,ycsb_bserver,1.5994362818813235,1.599454803437881,1.5994566453840833,1.5994393517229193,1.5994654458522726,1.599452040526532,1.5994907221540662,1.5994382261129658,250
Hydra,531.deepsjeng,531.deepsjeng,531.deepsjeng,531.deepsjeng,531.deepsjeng,531.deepsjeng,531.deepsjeng,531.deepsjeng,3.2471471214820085,3.247121816164588,3.2471062114154488,3.2471542913936515,3.2470534937776065,3.24712055090907,3.2471391080888186,3.2471348905293413,250
Hydra,450.soplex,450.soplex,450.soplex,450.soplex,450.soplex,450.soplex,450.soplex,450.soplex,0.21052742737429023,0.21172776700920945,0.21205254950568217,0.19583308400517854,0.20366436842017452,0.2178740298374475,0.20801081083770603,0.19766841251889086,250
Hydra,grep_map0,grep_map0,grep_map0,grep_map0,grep_map0,grep_map0,grep_map0,grep_map0,0.044376544229408475,0.04433486167128578,0.04426413227856462,0.044134822072909884,0.043054287628312045,0.04020063732868322,0.03201562866733024,0.027461770817609296,250
Hydra,511.povray,511.povray,511.povray,511.povray,511.povray,511.povray,511.povray,511.povray,3.0646554027913373,3.0650292544782225,3.064129910283502,3.065071341987542,3.065166043109721,3.0641588283441066,3.064995810763726,3.063557294893614,250
Hydra,456.hmmer,456.hmmer,456.hmmer,456.hmmer,456.hmmer,456.hmmer,456.hmmer,456.hmmer,2.926810650921518,2.926729788033351,2.9182036845473176,2.918207772191161,2.9268188745163872,2.9268397763613434,2.926831895302774,2.9182016407296905,250
Hydra,436.cactusADM,436.cactusADM,436.cactusADM,436.cactusADM,436.cactusADM,436.cactusADM,436.cactusADM,436.cactusADM,0.9073834114850567,0.9070672914401039,0.9046387050321287,0.9069587315637964,0.9057653012109829,0.9070355664972264,0.9034942713222931,0.9055297733118498,250
Hydra,tpch6,tpch6,tpch6,tpch6,tpch6,tpch6,tpch6,tpch6,2.62667011565964,2.6266927458731506,2.6266342392910023,2.6266394826991135,2.6266563169403363,2.6267098567812717,2.6267032331774893,2.6266350671961542,250
Hydra,gups,gups,gups,gups,gups,gups,gups,gups,0.03803428430773876,0.03807079673075591,0.03805712072103374,0.03805560818815304,0.038079250612533304,0.038042946015244196,0.03805660123594201,0.03803730784052269,250
Hydra,wc_8443,wc_8443,wc_8443,wc_8443,wc_8443,wc_8443,wc_8443,wc_8443,0.6035767669492564,0.690810512500161,0.609185008902386,0.5960494888923317,0.5828454955392036,0.5670204700513509,0.5270572313949272,0.2540339679589598,250
Hydra,447.dealII,447.dealII,447.dealII,447.dealII,447.dealII,447.dealII,447.dealII,447.dealII,3.5793061128535175,3.579275365680247,3.5793158495685136,3.5793260987994224,3.579264604294402,3.5792958637370655,3.579336348089028,3.579285614679309,250
Hydra,458.sjeng,458.sjeng,458.sjeng,458.sjeng,458.sjeng,458.sjeng,458.sjeng,458.sjeng,3.3970552965867067,3.397028985625404,3.3970483726100067,3.3970857624195077,3.397077453501823,3.3970959178185427,3.397043295045032,3.3970714526421064,250
Hydra,ycsb_dserver,ycsb_dserver,ycsb_dserver,ycsb_dserver,ycsb_dserver,ycsb_dserver,ycsb_dserver,ycsb_dserver,1.8587891282546654,1.858825753004736,1.8587379942254214,1.858806403900341,1.8588375008717948,1.858752090352601,1.858812208589363,1.8588258912140736,250
Hydra,525.x264,525.x264,525.x264,525.x264,525.x264,525.x264,525.x264,525.x264,3.3158644750482527,3.315810380741243,3.31582797219214,3.3158270926151623,3.3158504015627472,3.315829291558482,3.315846443416473,3.315855239309915,250
Hydra,403.gcc,403.gcc,403.gcc,403.gcc,403.gcc,403.gcc,403.gcc,403.gcc,3.6838795200464935,3.6842285984265986,3.6839609476562196,3.684072237877892,3.6840391215482398,3.6838578066251677,3.6840602942149494,3.683685736813031,250
Hydra,h264_decode,h264_decode,h264_decode,h264_decode,h264_decode,h264_decode,h264_decode,h264_decode,0.011717830518317427,0.011715304746705442,0.011720119272522221,0.011723378875401164,0.011450176495722747,0.010818850173226756,0.00963066318469808,0.005136065373187774,250
Hydra,470.lbm,470.lbm,470.lbm,470.lbm,470.lbm,470.lbm,470.lbm,470.lbm,0.13111780398153688,0.13096287045467164,0.13117239303421285,0.13098450315531976,0.1308860133918171,0.13083490373159934,0.13028785710553153,0.13034475541296742,250
Hydra,434.zeusmp,434.zeusmp,434.zeusmp,434.zeusmp,434.zeusmp,434.zeusmp,434.zeusmp,434.zeusmp,0.15190769388528877,0.15192575065267605,0.15180551867103134,0.1517731732684071,0.15150577743950375,0.15186337330976674,0.15179323764647887,0.15188098678778184,250
Hydra,500.perlbench,500.perlbench,500.perlbench,500.perlbench,500.perlbench,500.perlbench,500.perlbench,500.perlbench,1.9531674203549108,1.9531860370636582,1.9531806961682892,1.9531748975149599,1.9531790176072057,1.9531851214795206,1.9531907675953777,1.9531945825570036,250
Hydra,549.fotonik3d,549.fotonik3d,549.fotonik3d,549.fotonik3d,549.fotonik3d,549.fotonik3d,549.fotonik3d,549.fotonik3d,0.1991687540680716,0.19929034620902292,0.1992123668933685,0.19918108846632823,0.1992678865963588,0.1991706010362464,0.19914810177525877,0.19914039376253095,250
Hydra,526.blender,526.blender,526.blender,526.blender,526.blender,526.blender,526.blender,526.blender,3.1068443781650976,3.1070092513064664,3.10706717342518,3.1069049969347273,3.106923144415007,3.186713089003367,3.213460956577916,3.1070586780459584,250
Hydra,507.cactuBSSN,507.cactuBSSN,507.cactuBSSN,507.cactuBSSN,507.cactuBSSN,507.cactuBSSN,507.cactuBSSN,507.cactuBSSN,1.4739718677729317,1.4734141569757762,1.4739746486973042,1.4714987467833773,1.477265737119853,1.4751926586860318,1.4758465898793525,1.4743595603223894,250
Hydra,tpcc64,tpcc64,tpcc64,tpcc64,tpcc64,tpcc64,tpcc64,tpcc64,1.236029529042096,1.237090466149543,1.2435122855283274,1.2421207930672966,1.2357080478600602,1.2430344080874007,1.2505041407443411,1.2481812127458474,250
Hydra,459.GemsFDTD,459.GemsFDTD,459.GemsFDTD,459.GemsFDTD,459.GemsFDTD,459.GemsFDTD,459.GemsFDTD,459.GemsFDTD,0.42745339612407146,0.4282883642257445,0.426540961974078,0.4286200512300401,0.4288739856894358,0.42758891963861345,0.4289893205510989,0.4270488870362939,250
Hydra,471.omnetpp,471.omnetpp,471.omnetpp,471.omnetpp,471.omnetpp,471.omnetpp,471.omnetpp,471.omnetpp,0.43255909695917705,0.4058387863861866,0.42038343071823786,0.3944411876750382,0.3945345538570124,0.39414847800195857,0.3955275641577351,0.39359167263299166,250
Hydra,557.xz,557.xz,557.xz,557.xz,557.xz,557.xz,557.xz,557.xz,1.5080038510799147,1.5080219529390986,1.5162336465103823,1.5081412177588815,1.510362019880835,1.5080442397445302,1.5090744267056435,1.5085134161450882,250
Hydra,544.nab,544.nab,544.nab,544.nab,544.nab,544.nab,544.nab,544.nab,2.7813607885536102,2.78136171687006,2.7813762605753487,2.7813969933543525,2.78137780778699,2.7814192737002235,2.7813966839076176,2.7814065862372885,250
Hydra,433.milc,433.milc,433.milc,433.milc,433.milc,433.milc,433.milc,433.milc,0.23255112622557,0.23210193293004291,0.2322715229575501,0.2322911300644774,0.23236462411438988,0.2321140050404392,0.23213443696358724,0.23199653957673513,250
Hydra,481.wrf,481.wrf,481.wrf,481.wrf,481.wrf,481.wrf,481.wrf,481.wrf,3.638692399499316,3.6387347682562603,3.638777137999895,3.6387453605996654,3.6387559530047393,3.6387241759745232,3.638644735827115,3.638766545471482,250
Hydra,ycsb_eserver,ycsb_eserver,ycsb_eserver,ycsb_eserver,ycsb_eserver,ycsb_eserver,ycsb_eserver,ycsb_eserver,1.6264334734061212,1.626455588296468,1.6264619371799245,1.6264554824821635,1.6264643709317246,1.6264622546253984,1.6264694500893777,1.6264738943783468,250
Hydra,482.sphinx3,482.sphinx3,482.sphinx3,482.sphinx3,482.sphinx3,482.sphinx3,482.sphinx3,482.sphinx3,0.4620493971835576,0.4612384266515223,0.45980298398526437,0.4651719179583359,0.45854521102626616,0.4650194598553444,0.4640671936626093,0.4584090762650046,250
Hydra,502.gcc,502.gcc,502.gcc,502.gcc,502.gcc,502.gcc,502.gcc,502.gcc,2.7042700098943833,2.703978103401637,2.70412346378746,2.7042741052233055,2.703990386773377,2.704309501083022,2.704264744489709,2.7040193408768984,500
Hydra,462.libquantum,462.libquantum,462.libquantum,462.libquantum,462.libquantum,462.libquantum,462.libquantum,462.libquantum,0.29198375080060485,0.29166037409409556,0.29198524787748914,0.29191783666557153,0.2919826288555547,0.2910067946943688,0.29108582382580084,0.2912772891284084,500
Hydra,wc_map0,wc_map0,wc_map0,wc_map0,wc_map0,wc_map0,wc_map0,wc_map0,2.1947182087166484,2.17162528345139,2.209952174866974,2.171652447699877,2.139538657270041,2.166111463417107,2.1378685792324026,2.139028465249643,500
Hydra,523.xalancbmk,523.xalancbmk,523.xalancbmk,523.xalancbmk,523.xalancbmk,523.xalancbmk,523.xalancbmk,523.xalancbmk,2.2238593780772655,2.2236884729860096,2.2235007845844867,2.2235553671957096,2.223361966974537,2.223267058928049,2.223343775637933,2.223267058928049,500
Hydra,464.h264ref,464.h264ref,464.h264ref,464.h264ref,464.h264ref,464.h264ref,464.h264ref,464.h264ref,2.827424525012472,2.827356095208615,2.827467695050597,2.827500952867821,2.8274485082042378,2.8275546786868655,2.8275361302566724,2.827572907553635,500
Hydra,ycsb_abgsave,ycsb_abgsave,ycsb_abgsave,ycsb_abgsave,ycsb_abgsave,ycsb_abgsave,ycsb_abgsave,ycsb_abgsave,2.0329262493388924,2.032941954058927,2.032895005933207,2.0265929527256663,2.0266798622441375,2.032919967518818,2.0329574937049473,2.032989730962271,500
Hydra,505.mcf,505.mcf,505.mcf,505.mcf,505.mcf,505.mcf,505.mcf,505.mcf,0.7555023614737313,0.7261643944401833,0.7401595564916568,0.7485151181640397,0.7248515228637596,0.7279399967795934,0.7401335242325193,0.7248449447936345,500
Hydra,bfs_ny,bfs_ny,bfs_ny,bfs_ny,bfs_ny,bfs_ny,bfs_ny,bfs_ny,0.025896831648920704,0.025936092747484263,0.025953132286909614,0.025703989368854673,0.024657267775144726,0.022503820246274626,0.008667166447610333,0.001982049998495422,500
Hydra,444.namd,444.namd,444.namd,444.namd,444.namd,444.namd,444.namd,444.namd,3.6559579757867366,3.6559045124536924,3.6558617429130753,3.655813628376016,3.6559152049952086,3.6559258975992703,3.6558243203859146,3.6567440672618576,500
Hydra,tpch17,tpch17,tpch17,tpch17,tpch17,tpch17,tpch17,tpch17,0.6029385100636949,0.5924514574898305,0.5919025412104449,0.5920626798286779,0.603612354351357,0.5916959777075463,0.5954551102707837,0.5922930169269289,500
Hydra,437.leslie3d,437.leslie3d,437.leslie3d,437.leslie3d,437.leslie3d,437.leslie3d,437.leslie3d,437.leslie3d,0.19092016677808257,0.1908510102274537,0.19080725887902308,0.19085142546318953,0.19074992279206124,0.19087562735760508,0.1905809860597708,0.19082875186577086,500
Hydra,tpch2,tpch2,tpch2,tpch2,tpch2,tpch2,tpch2,tpch2,0.6044544716187832,0.606811080583929,0.6043460214571846,0.6054050367955495,0.6044807205951804,0.6054343447743714,0.6037933583406832,0.6064276969598325,500
Hydra,429.mcf,429.mcf,429.mcf,429.mcf,429.mcf,429.mcf,429.mcf,429.mcf,0.039523007134494054,0.0395036937944684,0.03957814058893907,0.03934768464058409,0.039220571711967175,0.039051095920661756,0.03853112953459088,0.03735637772765661,500
Hydra,473.astar,473.astar,473.astar,473.astar,473.astar,473.astar,473.astar,473.astar,0.67821009179872,0.6854024440519008,0.6779957956124723,0.6842051621473182,0.6853700685841603,0.6825366633441692,0.6821109872609771,0.6837040239810553,500
Hydra,ycsb_aserver,ycsb_aserver,ycsb_aserver,ycsb_aserver,ycsb_aserver,ycsb_aserver,ycsb_aserver,ycsb_aserver,1.491771834094684,1.4916743686786569,1.4918943292440112,1.4918145626760528,1.4918973562683708,1.4917756617636178,1.477016297102419,1.4917702318204973,500
Hydra,445.gobmk,445.gobmk,445.gobmk,445.gobmk,445.gobmk,445.gobmk,445.gobmk,445.gobmk,3.3628854741103553,3.362831191792755,3.3628759745782717,3.362894521333665,3.362818526170799,3.3628592374380393,3.362838429333851,3.3628691892310707,500
Hydra,510.parest,510.parest,510.parest,510.parest,510.parest,510.parest,510.parest,510.parest,0.42800046128177716,0.4215676505712756,0.42796232568901893,0.42385644463721056,0.4244708966029136,0.42607743906325685,0.4272393159153447,0.42219686864350947,500
Hydra,538.imagick,538.imagick,538.imagick,538.imagick,538.imagick,538.imagick,538.imagick,538.imagick,3.924515553875514,3.9245032324563325,3.9244909111145194,3.924478589850074,3.9244662686629956,3.9244539475532836,3.9244416265209368,3.924429305565955,500
Hydra,520.omnetpp,520.omnetpp,520.omnetpp,520.omnetpp,520.omnetpp,520.omnetpp,520.omnetpp,520.omnetpp,0.44900496189995337,0.4489238827649287,0.44894402081088985,0.4488401253018001,0.44895475162844417,0.4487168510874976,0.4487281912265597,0.4487801231765009,500
Hydra,519.lbm,519.lbm,519.lbm,519.lbm,519.lbm,519.lbm,519.lbm,519.lbm,0.14285440250154743,0.14287932099357412,0.1429261500525508,0.14285970943386547,0.1429399197730832,0.14290094893889585,0.14287437350658774,0.14290208515463232,500
Hydra,h264_encode,h264_encode,h264_encode,h264_encode,h264_encode,h264_encode,h264_encode,h264_encode,2.4267368155388813,2.4269462482857267,2.425536278794633,2.425692311991381,2.4263060490042,2.4226886145457835,2.4218688166661773,2.419774552508672,500
Hydra,bfs_cm2003,bfs_cm2003,bfs_cm2003,bfs_cm2003,bfs_cm2003,bfs_cm2003,bfs_cm2003,bfs_cm2003,0.025862927730655162,0.02590065476067855,0.025921130251857778,0.025669023015555528,0.024629734332089814,0.02245585590121102,0.008501399798493904,0.0019721280429517117,500
Hydra,435.gromacs,435.gromacs,435.gromacs,435.gromacs,435.gromacs,435.gromacs,435.gromacs,435.gromacs,3.2754564545096745,3.275405387098545,3.275413969745394,3.2754397179558166,3.2754311351740295,3.2754225524372225,3.275465037424153,3.275448300782583,500
Hydra,ycsb_cserver,ycsb_cserver,ycsb_cserver,ycsb_cserver,ycsb_cserver,ycsb_cserver,ycsb_cserver,ycsb_cserver,1.6314960708027528,1.6315114027963453,1.6315009684916049,1.6315303552422409,1.6314987325865247,1.6314974549292303,1.6315069309351138,1.6315155552608676,500
Hydra,508.namd,508.namd,508.namd,508.namd,508.namd,508.namd,508.namd,508.namd,2.782813433286055,2.782802281897871,2.7828487466049245,2.782789581814626,2.7827908208420347,2.7828481270652907,2.782842860989541,2.782835116796703,500
Hydra,jp2_decode,jp2_decode,jp2_decode,jp2_decode,jp2_decode,jp2_decode,jp2_decode,jp2_decode,0.5227110311451514,0.5261293070944371,0.5227031623311331,0.5234925445866976,0.5221716811091696,0.5224912961832407,0.5215158672245634,0.5212210457799912,500
Hydra,483.xalancbmk,483.xalancbmk,483.xalancbmk,483.xalancbmk,483.xalancbmk,483.xalancbmk,483.xalancbmk,483.xalancbmk,0.4211265086941399,0.4244253170856078,0.4222247987317718,0.4205793231193009,0.42173255324057185,0.4209552039341059,0.4206440807940845,0.4199147280841338,500
Hydra,jp2_encode,jp2_encode,jp2_encode,jp2_encode,jp2_encode,jp2_encode,jp2_encode,jp2_encode,2.8354254425446968,2.8357049278880235,2.834978187677824,2.8340654669122856,2.833124758688599,2.8313853402192626,2.8235806481269607,2.8065577804573545,500
Hydra,541.leela,541.leela,541.leela,541.leela,541.leela,541.leela,541.leela,541.leela,3.4772966605572884,3.4772308835407224,3.4772129887535805,3.477252164067884,3.4772768304593873,3.477275379485494,3.47726619001229,3.477296176893673,500
Hydra,401.bzip2,401.bzip2,401.bzip2,401.bzip2,401.bzip2,401.bzip2,401.bzip2,401.bzip2,2.43792244929682,2.43584923106573,2.4379459856488848,2.43586465790327,2.435864183228432,2.4357977305769976,2.4358046130047217,2.4374841380719716,500
Hydra,ycsb_bserver,ycsb_bserver,ycsb_bserver,ycsb_bserver,ycsb_bserver,ycsb_bserver,ycsb_bserver,ycsb_bserver,1.5994362818813235,1.599454803437881,1.5994566453840833,1.5994393517229193,1.5994654458522726,1.599452040526532,1.5994907221540662,1.5994382261129658,500
Hydra,531.deepsjeng,531.deepsjeng,531.deepsjeng,531.deepsjeng,531.deepsjeng,531.deepsjeng,531.deepsjeng,531.deepsjeng,3.2471471214820085,3.247121816164588,3.2471062114154488,3.2471542913936515,3.2470534937776065,3.24712055090907,3.2471391080888186,3.2471348905293413,500
Hydra,450.soplex,450.soplex,450.soplex,450.soplex,450.soplex,450.soplex,450.soplex,450.soplex,0.2601114259083632,0.2610325403164758,0.24378876924039475,0.24889122939563912,0.2599446694254005,0.24465280229674571,0.24547266901411852,0.2584935527210164,500
Hydra,grep_map0,grep_map0,grep_map0,grep_map0,grep_map0,grep_map0,grep_map0,grep_map0,0.06037026911646064,0.0604171338119453,0.060339697193049664,0.05993686873590794,0.058191862766009,0.05435074401298727,0.04486899125013391,0.03786217441558976,500
Hydra,511.povray,511.povray,511.povray,511.povray,511.povray,511.povray,511.povray,511.povray,3.0646554027913373,3.0650292544782225,3.064129910283502,3.065071341987542,3.065166043109721,3.0641588283441066,3.064995810763726,3.063557294893614,500
Hydra,456.hmmer,456.hmmer,456.hmmer,456.hmmer,456.hmmer,456.hmmer,456.hmmer,456.hmmer,2.926810650921518,2.926729788033351,2.9182036845473176,2.918207772191161,2.9268188745163872,2.9268397763613434,2.926831895302774,2.9182016407296905,500
Hydra,436.cactusADM,436.cactusADM,436.cactusADM,436.cactusADM,436.cactusADM,436.cactusADM,436.cactusADM,436.cactusADM,0.9690586924351519,0.9726645089855331,0.9675252472810703,0.971935630802553,0.9726947465223634,0.9719822236115088,0.9719442461678183,0.9705659191290312,500
Hydra,tpch6,tpch6,tpch6,tpch6,tpch6,tpch6,tpch6,tpch6,2.6507204976399046,2.6507452305141066,2.661555344807689,2.6507390472522863,2.65075591076156,2.650709536627345,2.6507353935202245,2.650766310032567,500
Hydra,gups,gups,gups,gups,gups,gups,gups,gups,0.04704167361840679,0.047030796184856546,0.04704164157536068,0.04703707004660753,0.04704183631277853,0.047033829951377705,0.047047545491066836,0.04702504657812054,500
Hydra,wc_8443,wc_8443,wc_8443,wc_8443,wc_8443,wc_8443,wc_8443,wc_8443,0.6452919307147473,0.738957630504573,0.642517698921038,0.6315511431631456,0.6232275564102582,0.6065069069249164,0.5830879310594148,0.17749259687253074,500
Hydra,447.dealII,447.dealII,447.dealII,447.dealII,447.dealII,447.dealII,447.dealII,447.dealII,3.5793061128535175,3.579275365680247,3.5793158495685136,3.5793260987994224,3.579264604294402,3.5792958637370655,3.579336348089028,3.579285614679309,500
Hydra,458.sjeng,458.sjeng,458.sjeng,458.sjeng,458.sjeng,458.sjeng,458.sjeng,458.sjeng,3.3970552965867067,3.397028985625404,3.3970483726100067,3.3970857624195077,3.397077453501823,3.3970959178185427,3.397043295045032,3.3970714526421064,500
Hydra,ycsb_dserver,ycsb_dserver,ycsb_dserver,ycsb_dserver,ycsb_dserver,ycsb_dserver,ycsb_dserver,ycsb_dserver,1.8587891282546654,1.858825753004736,1.8587379942254214,1.858806403900341,1.8588375008717948,1.858752090352601,1.858812208589363,1.8588258912140736,500
Hydra,525.x264,525.x264,525.x264,525.x264,525.x264,525.x264,525.x264,525.x264,3.3158644750482527,3.315810380741243,3.31582797219214,3.3158270926151623,3.3158504015627472,3.315829291558482,3.315846443416473,3.315855239309915,500
Hydra,403.gcc,403.gcc,403.gcc,403.gcc,403.gcc,403.gcc,403.gcc,403.gcc,3.6838795200464935,3.6842285984265986,3.6839609476562196,3.684072237877892,3.6840391215482398,3.6838578066251677,3.6840602942149494,3.683685736813031,500
Hydra,h264_decode,h264_decode,h264_decode,h264_decode,h264_decode,h264_decode,h264_decode,h264_decode,0.017864132032919512,0.017863957637982503,0.017873581253656064,0.017856197601059564,0.017209823709917953,0.01608112026173096,0.013711290699549142,0.005668184052990142,500
Hydra,470.lbm,470.lbm,470.lbm,470.lbm,470.lbm,470.lbm,470.lbm,470.lbm,0.14327615848559896,0.14337782804234833,0.14343469700811573,0.14314234621138452,0.14340324947289124,0.14271763514549413,0.14314088325952312,0.14233480908150967,500
Hydra,434.zeusmp,434.zeusmp,434.zeusmp,434.zeusmp,434.zeusmp,434.zeusmp,434.zeusmp,434.zeusmp,0.15761513522410844,0.15777192119991781,0.15730262789392632,0.15756095341595078,0.1575336084563285,0.15752171514028848,0.15782775474299235,0.15752945025674905,500
Hydra,500.perlbench,500.perlbench,500.perlbench,500.perlbench,500.perlbench,500.perlbench,500.perlbench,500.perlbench,1.9531674203549108,1.9531860370636582,1.9531806961682892,1.9531748975149599,1.9531790176072057,1.9531851214795206,1.9531907675953777,1.9531945825570036,500
Hydra,bfs_dblp,bfs_dblp,bfs_dblp,bfs_dblp,bfs_dblp,bfs_dblp,bfs_dblp,bfs_dblp,0.025896681264159754,0.025937063892910853,0.02595506920047112,0.025716945254957123,0.02465564141204373,0.022513395429756593,0.008591155062285903,0.0019693882126295068,500
Hydra,549.fotonik3d,549.fotonik3d,549.fotonik3d,549.fotonik3d,549.fotonik3d,549.fotonik3d,549.fotonik3d,549.fotonik3d,0.21360763515713382,0.21359554071292483,0.213633142553525,0.21361057365504055,0.2135934055752937,0.2135798110420113,0.21353485739595574,0.2136585537864428,500
Hydra,526.blender,526.blender,526.blender,526.blender,526.blender,526.blender,526.blender,526.blender,3.1068443781650976,3.1070092513064664,3.10706717342518,3.1069049969347273,3.106923144415007,3.186713089003367,3.213460956577916,3.1070586780459584,500
Hydra,507.cactuBSSN,507.cactuBSSN,507.cactuBSSN,507.cactuBSSN,507.cactuBSSN,507.cactuBSSN,507.cactuBSSN,507.cactuBSSN,1.53996463871598,1.5392029133047653,1.537507905096894,1.5385931473522967,1.536504740578076,1.5363143854763968,1.533938073079264,1.5355125983280848,500
Hydra,tpcc64,tpcc64,tpcc64,tpcc64,tpcc64,tpcc64,tpcc64,tpcc64,1.339121480601272,1.3313069067137275,1.3313467509654129,1.3310662612771262,1.345270438101847,1.3335379513965957,1.3405622167794204,1.3318966608018816,500
Hydra,459.GemsFDTD,459.GemsFDTD,459.GemsFDTD,459.GemsFDTD,459.GemsFDTD,459.GemsFDTD,459.GemsFDTD,459.GemsFDTD,0.46777409751828813,0.46751192323708546,0.46897678251650055,0.46705585995557963,0.4685248650175179,0.46876966488744204,0.4683565307512875,0.4695954155616069,500
Hydra,471.omnetpp,471.omnetpp,471.omnetpp,471.omnetpp,471.omnetpp,471.omnetpp,471.omnetpp,471.omnetpp,0.6291921024914673,0.629587520950784,0.5818116147518102,0.578278173961295,0.5810286792037471,0.5780216648993847,0.5779712856467258,0.5776326497566941,500
Hydra,557.xz,557.xz,557.xz,557.xz,557.xz,557.xz,557.xz,557.xz,1.5532114074804153,1.554146559377506,1.5546502792431738,1.5499527450407091,1.5501791759098684,1.5504943286018449,1.5502153187069072,1.5501803293773557,500
Hydra,544.nab,544.nab,544.nab,544.nab,544.nab,544.nab,544.nab,544.nab,2.7813607885536102,2.78136171687006,2.7813762605753487,2.7813969933543525,2.78137780778699,2.7814192737002235,2.7813966839076176,2.7814065862372885,500
Hydra,433.milc,433.milc,433.milc,433.milc,433.milc,433.milc,433.milc,433.milc,0.25809494135979694,0.25785160722516703,0.2578157435637563,0.25778390354823455,0.2576873044752482,0.2575793151363713,0.2576853256885862,0.2576407380050923,500
Hydra,481.wrf,481.wrf,481.wrf,481.wrf,481.wrf,481.wrf,481.wrf,481.wrf,3.638692399499316,3.6387347682562603,3.638777137999895,3.6387453605996654,3.6387559530047393,3.6387241759745232,3.638644735827115,3.638766545471482,500
Hydra,ycsb_eserver,ycsb_eserver,ycsb_eserver,ycsb_eserver,ycsb_eserver,ycsb_eserver,ycsb_eserver,ycsb_eserver,1.6264334734061212,1.626455588296468,1.6264619371799245,1.6264554824821635,1.6264643709317246,1.6264622546253984,1.6264694500893777,1.6264738943783468,500
Hydra,482.sphinx3,482.sphinx3,482.sphinx3,482.sphinx3,482.sphinx3,482.sphinx3,482.sphinx3,482.sphinx3,0.4996312421654074,0.49205791946850186,0.49901910808039285,0.49920497613910036,0.4932352684287937,0.4989709522463443,0.4942198028735125,0.48801305251422566,500
Hydra,502.gcc,502.gcc,502.gcc,502.gcc,502.gcc,502.gcc,502.gcc,502.gcc,2.7042700098943833,2.703978103401637,2.70412346378746,2.7042741052233055,2.703990386773377,2.704309501083022,2.704264744489709,2.7040193408768984,1000
Hydra,462.libquantum,462.libquantum,462.libquantum,462.libquantum,462.libquantum,462.libquantum,462.libquantum,462.libquantum,0.2940839727140421,0.29413667943219857,0.294108650794211,0.2940603883119182,0.29391980099607307,0.2930541260538094,0.29326057405546224,0.2935093678856631,1000
Hydra,wc_map0,wc_map0,wc_map0,wc_map0,wc_map0,wc_map0,wc_map0,wc_map0,2.1947182087166484,2.17162528345139,2.209952174866974,2.171652447699877,2.139538657270041,2.166111463417107,2.1378685792324026,2.139028465249643,1000
Hydra,523.xalancbmk,523.xalancbmk,523.xalancbmk,523.xalancbmk,523.xalancbmk,523.xalancbmk,523.xalancbmk,523.xalancbmk,2.2238593780772655,2.2236884729860096,2.2235007845844867,2.2235553671957096,2.223361966974537,2.223267058928049,2.223343775637933,2.223267058928049,1000
Hydra,464.h264ref,464.h264ref,464.h264ref,464.h264ref,464.h264ref,464.h264ref,464.h264ref,464.h264ref,2.827424525012472,2.827356095208615,2.827467695050597,2.827500952867821,2.8274485082042378,2.8275546786868655,2.8275361302566724,2.827572907553635,1000
Hydra,ycsb_abgsave,ycsb_abgsave,ycsb_abgsave,ycsb_abgsave,ycsb_abgsave,ycsb_abgsave,ycsb_abgsave,ycsb_abgsave,2.0329262493388924,2.032941954058927,2.032895005933207,2.0265929527256663,2.0266798622441375,2.032919967518818,2.0329574937049473,2.032989730962271,1000
Hydra,505.mcf,505.mcf,505.mcf,505.mcf,505.mcf,505.mcf,505.mcf,505.mcf,0.7815976399753053,0.7653116436258371,0.7497991363093741,0.7703054757287991,0.7373069656633197,0.7808109402481617,0.7498629850353743,0.7342367950669625,1000
Hydra,444.namd,444.namd,444.namd,444.namd,444.namd,444.namd,444.namd,444.namd,3.6559579757867366,3.6559045124536924,3.6558617429130753,3.655813628376016,3.6559152049952086,3.6559258975992703,3.6558243203859146,3.6567440672618576,1000
Hydra,tpch17,tpch17,tpch17,tpch17,tpch17,tpch17,tpch17,tpch17,0.6442334445340387,0.6336888725019763,0.6328363332095928,0.6331879753247153,0.6454388373508846,0.6327925875992497,0.6331153196509347,0.6325010513432475,1000
Hydra,437.leslie3d,437.leslie3d,437.leslie3d,437.leslie3d,437.leslie3d,437.leslie3d,437.leslie3d,437.leslie3d,0.20240020411008103,0.2023261584107316,0.2024399012413947,0.20233646822665927,0.20225990002341684,0.20165508979584187,0.2024354031665027,0.20233591471874643,1000
Hydra,tpch2,tpch2,tpch2,tpch2,tpch2,tpch2,tpch2,tpch2,0.6413303716183708,0.6522842001216275,0.6416192210639997,0.6420910181996846,0.6417925172588919,0.6458042613781669,0.6427768288106356,0.6414214309419389,1000
Hydra,429.mcf,429.mcf,429.mcf,429.mcf,429.mcf,429.mcf,429.mcf,429.mcf,0.05648848829683249,0.05640797978419232,0.05632725788956694,0.05613879547405797,0.05594175730898415,0.05558172960960349,0.054844889373097595,0.05279360808781182,1000
Hydra,473.astar,473.astar,473.astar,473.astar,473.astar,473.astar,473.astar,473.astar,0.6947366197895448,0.7003519913080155,0.6944581214113356,0.7004388193167914,0.6990793795687285,0.6970073987335376,0.6973762335016475,0.6986998174576857,1000
Hydra,ycsb_aserver,ycsb_aserver,ycsb_aserver,ycsb_aserver,ycsb_aserver,ycsb_aserver,ycsb_aserver,ycsb_aserver,1.491771834094684,1.4916743686786569,1.4918943292440112,1.4918145626760528,1.4918973562683708,1.4917756617636178,1.477016297102419,1.4917702318204973,1000
Hydra,445.gobmk,445.gobmk,445.gobmk,445.gobmk,445.gobmk,445.gobmk,445.gobmk,445.gobmk,3.3628854741103553,3.362831191792755,3.3628759745782717,3.362894521333665,3.362818526170799,3.3628592374380393,3.362838429333851,3.3628691892310707,1000
Hydra,510.parest,510.parest,510.parest,510.parest,510.parest,510.parest,510.parest,510.parest,0.43540269027659234,0.43157540299863767,0.4347334800321174,0.4345049033878347,0.4356003935109411,0.4321070469503665,0.4331176667223656,0.4306024326109346,1000
Hydra,538.imagick,538.imagick,538.imagick,538.imagick,538.imagick,538.imagick,538.imagick,538.imagick,3.924515553875514,3.9245032324563325,3.9244909111145194,3.924478589850074,3.9244662686629956,3.9244539475532836,3.9244416265209368,3.924429305565955,1000
Hydra,520.omnetpp,520.omnetpp,520.omnetpp,520.omnetpp,520.omnetpp,520.omnetpp,520.omnetpp,520.omnetpp,0.48805932599280394,0.48791940820450147,0.48795655874999894,0.48814874431155386,0.4878745798570481,0.48785352061444565,0.48789007079499597,0.4879609303345987,1000
Hydra,519.lbm,519.lbm,519.lbm,519.lbm,519.lbm,519.lbm,519.lbm,519.lbm,0.1516555284679235,0.15155821058057936,0.15159009306352295,0.1515662569012285,0.15160140352579385,0.15159584460509076,0.15161603222857117,0.1515655732477645,1000
Hydra,h264_encode,h264_encode,h264_encode,h264_encode,h264_encode,h264_encode,h264_encode,h264_encode,2.4267368155388813,2.4269462482857267,2.425536278794633,2.425692311991381,2.4263060490042,2.4226886145457835,2.4218688166661773,2.419774552508672,1000
Hydra,435.gromacs,435.gromacs,435.gromacs,435.gromacs,435.gromacs,435.gromacs,435.gromacs,435.gromacs,3.2754564545096745,3.275405387098545,3.275413969745394,3.2754397179558166,3.2754311351740295,3.2754225524372225,3.275465037424153,3.275448300782583,1000
Hydra,ycsb_cserver,ycsb_cserver,ycsb_cserver,ycsb_cserver,ycsb_cserver,ycsb_cserver,ycsb_cserver,ycsb_cserver,1.6314960708027528,1.6315114027963453,1.6315009684916049,1.6315303552422409,1.6314987325865247,1.6314974549292303,1.6315069309351138,1.6315155552608676,1000
Hydra,508.namd,508.namd,508.namd,508.namd,508.namd,508.namd,508.namd,508.namd,2.782813433286055,2.782802281897871,2.7828487466049245,2.782789581814626,2.7827908208420347,2.7828481270652907,2.782842860989541,2.782835116796703,1000
Hydra,jp2_decode,jp2_decode,jp2_decode,jp2_decode,jp2_decode,jp2_decode,jp2_decode,jp2_decode,0.5639456507078996,0.5591838760537177,0.5582104291660216,0.5593984488641794,0.5586713900470457,0.5591310995360039,0.5573150983994423,0.5575448010664539,1000
Hydra,483.xalancbmk,483.xalancbmk,483.xalancbmk,483.xalancbmk,483.xalancbmk,483.xalancbmk,483.xalancbmk,483.xalancbmk,0.484675388174095,0.48734881465071905,0.483156012177928,0.48353506061469803,0.48326640770159635,0.48364449730571324,0.4833097578055541,0.48234976107286937,1000
Hydra,jp2_encode,jp2_encode,jp2_encode,jp2_encode,jp2_encode,jp2_encode,jp2_encode,jp2_encode,2.8354254425446968,2.8357049278880235,2.834978187677824,2.8340654669122856,2.833124758688599,2.8313853402192626,2.8235806481269607,2.8065577804573545,1000
Hydra,541.leela,541.leela,541.leela,541.leela,541.leela,541.leela,541.leela,541.leela,3.4772966605572884,3.4772308835407224,3.4772129887535805,3.477252164067884,3.4772768304593873,3.477275379485494,3.47726619001229,3.477296176893673,1000
Hydra,401.bzip2,401.bzip2,401.bzip2,401.bzip2,401.bzip2,401.bzip2,401.bzip2,401.bzip2,2.439132663937765,2.438997025887027,2.439169788560079,2.43920834224864,2.43916122123924,2.438991553089334,2.4389941705112532,2.4391804977957614,1000
Hydra,ycsb_bserver,ycsb_bserver,ycsb_bserver,ycsb_bserver,ycsb_bserver,ycsb_bserver,ycsb_bserver,ycsb_bserver,1.5994362818813235,1.599454803437881,1.5994566453840833,1.5994393517229193,1.5994654458522726,1.599452040526532,1.5994907221540662,1.5994382261129658,1000
Hydra,531.deepsjeng,531.deepsjeng,531.deepsjeng,531.deepsjeng,531.deepsjeng,531.deepsjeng,531.deepsjeng,531.deepsjeng,3.2471471214820085,3.247121816164588,3.2471062114154488,3.2471542913936515,3.2470534937776065,3.24712055090907,3.2471391080888186,3.2471348905293413,1000
Hydra,450.soplex,450.soplex,450.soplex,450.soplex,450.soplex,450.soplex,450.soplex,450.soplex,0.2788232783264822,0.2757528936405647,0.2781062026627089,0.2786725737375154,0.26974616368084997,0.2669351821050498,0.27447399227724606,0.2684184009403233,1000
Hydra,grep_map0,grep_map0,grep_map0,grep_map0,grep_map0,grep_map0,grep_map0,grep_map0,0.06855808326649057,0.06861501207429346,0.06854020945383553,0.06796997147561303,0.06615909199578407,0.06171086780391946,0.04794242346599524,0.04332457789249348,1000
Hydra,511.povray,511.povray,511.povray,511.povray,511.povray,511.povray,511.povray,511.povray,3.0646554027913373,3.0650292544782225,3.064129910283502,3.065071341987542,3.065166043109721,3.0641588283441066,3.064995810763726,3.063557294893614,1000
Hydra,456.hmmer,456.hmmer,456.hmmer,456.hmmer,456.hmmer,456.hmmer,456.hmmer,456.hmmer,2.926810650921518,2.926729788033351,2.9182036845473176,2.918207772191161,2.9268188745163872,2.9268397763613434,2.926831895302774,2.9182016407296905,1000
Hydra,436.cactusADM,436.cactusADM,436.cactusADM,436.cactusADM,436.cactusADM,436.cactusADM,436.cactusADM,436.cactusADM,1.0297737241124154,1.0331434484551303,1.029773130269761,1.034333072791728,1.0331463090558828,1.0307655479232176,1.0331289322178572,1.0348462537199619,1000
Hydra,tpch6,tpch6,tpch6,tpch6,tpch6,tpch6,tpch6,tpch6,2.6594612995191693,2.659478840016178,2.6685373469273608,2.6594443250649435,2.6594963807445655,2.6594675235400107,2.6594901565886526,2.6594709184727487,1000
Hydra,gups,gups,gups,gups,gups,gups,gups,gups,0.0719943138545345,0.07202045486932399,0.07193277455225143,0.07195643375268036,0.07195281573802871,0.07194046504083461,0.0719612468766696,0.07194393336753184,1000
Hydra,wc_8443,wc_8443,wc_8443,wc_8443,wc_8443,wc_8443,wc_8443,wc_8443,0.6918178235571772,0.7917246657765993,0.684044965832638,0.6920051072191329,0.6687007115751264,0.6714728184177151,0.6004956346849738,0.08980349106689112,1000
Hydra,447.dealII,447.dealII,447.dealII,447.dealII,447.dealII,447.dealII,447.dealII,447.dealII,3.5793061128535175,3.579275365680247,3.5793158495685136,3.5793260987994224,3.579264604294402,3.5792958637370655,3.579336348089028,3.579285614679309,1000
Hydra,458.sjeng,458.sjeng,458.sjeng,458.sjeng,458.sjeng,458.sjeng,458.sjeng,458.sjeng,3.3970552965867067,3.397028985625404,3.3970483726100067,3.3970857624195077,3.397077453501823,3.3970959178185427,3.397043295045032,3.3970714526421064,1000
Hydra,ycsb_dserver,ycsb_dserver,ycsb_dserver,ycsb_dserver,ycsb_dserver,ycsb_dserver,ycsb_dserver,ycsb_dserver,1.8587891282546654,1.858825753004736,1.8587379942254214,1.858806403900341,1.8588375008717948,1.858752090352601,1.858812208589363,1.8588258912140736,1000
Hydra,525.x264,525.x264,525.x264,525.x264,525.x264,525.x264,525.x264,525.x264,3.3158644750482527,3.315810380741243,3.31582797219214,3.3158270926151623,3.3158504015627472,3.315829291558482,3.315846443416473,3.315855239309915,1000
Hydra,403.gcc,403.gcc,403.gcc,403.gcc,403.gcc,403.gcc,403.gcc,403.gcc,3.6838795200464935,3.6842285984265986,3.6839609476562196,3.684072237877892,3.6840391215482398,3.6838578066251677,3.6840602942149494,3.683685736813031,1000
Hydra,h264_decode,h264_decode,h264_decode,h264_decode,h264_decode,h264_decode,h264_decode,h264_decode,0.02557444298528153,0.025582977864251653,0.025619737268508035,0.025572729875882386,0.024661666085083748,0.023623696148323506,0.019030868997459052,0.006529560805019355,1000
Hydra,470.lbm,470.lbm,470.lbm,470.lbm,470.lbm,470.lbm,470.lbm,470.lbm,0.1536844910021296,0.15368405169142177,0.15368991126368708,0.15375171528488607,0.1536376396779701,0.1535837345339797,0.15273682487719242,0.15258616304118383,1000
Hydra,434.zeusmp,434.zeusmp,434.zeusmp,434.zeusmp,434.zeusmp,434.zeusmp,434.zeusmp,434.zeusmp,0.16987881918673356,0.17004712182594803,0.1700916792109847,0.17008933118888334,0.17011023190658411,0.16999989888406014,0.16989149145966687,0.17004562167587592,1000
Hydra,500.perlbench,500.perlbench,500.perlbench,500.perlbench,500.perlbench,500.perlbench,500.perlbench,500.perlbench,1.9531674203549108,1.9531860370636582,1.9531806961682892,1.9531748975149599,1.9531790176072057,1.9531851214795206,1.9531907675953777,1.9531945825570036,1000
Hydra,bfs_dblp,bfs_dblp,bfs_dblp,bfs_dblp,bfs_dblp,bfs_dblp,bfs_dblp,bfs_dblp,0.029670903359528503,0.029713204889836045,0.029740620674286206,0.029431963620133974,0.028336962166597517,0.0251536025617926,0.008910637462723412,0.0022470837779742492,1000
Hydra,549.fotonik3d,549.fotonik3d,549.fotonik3d,549.fotonik3d,549.fotonik3d,549.fotonik3d,549.fotonik3d,549.fotonik3d,0.22891225930448214,0.22895691561112416,0.22900355907255354,0.2289233373744407,0.2287729495643312,0.22889616709522742,0.22893139978117272,0.22887972720978866,1000
Hydra,526.blender,526.blender,526.blender,526.blender,526.blender,526.blender,526.blender,526.blender,3.1068443781650976,3.1070092513064664,3.10706717342518,3.1069049969347273,3.106923144415007,3.186713089003367,3.213460956577916,3.1070586780459584,1000
Hydra,507.cactuBSSN,507.cactuBSSN,507.cactuBSSN,507.cactuBSSN,507.cactuBSSN,507.cactuBSSN,507.cactuBSSN,507.cactuBSSN,1.5315133686108249,1.5322471213060433,1.5358858814673313,1.5331502343113503,1.5328725436713855,1.532114342306212,1.530280049206461,1.5340225021465577,1000
Hydra,tpcc64,tpcc64,tpcc64,tpcc64,tpcc64,tpcc64,tpcc64,tpcc64,1.340873979514449,1.3386647889661893,1.3431456751085342,1.3436198720949124,1.3476071886757872,1.3392955198421987,1.3389297024416187,1.3392103597885054,1000
Hydra,459.GemsFDTD,459.GemsFDTD,459.GemsFDTD,459.GemsFDTD,459.GemsFDTD,459.GemsFDTD,459.GemsFDTD,459.GemsFDTD,0.48914502087445944,0.4879925718941888,0.4900885856682493,0.48860276397893,0.4915039511707732,0.49046546899446025,0.48796307329683564,0.48970758071644377,1000
Hydra,471.omnetpp,471.omnetpp,471.omnetpp,471.omnetpp,471.omnetpp,471.omnetpp,471.omnetpp,471.omnetpp,0.6746047679553885,0.6745997619850136,0.6340291135010008,0.6317814313220605,0.6318251011071799,0.6314581912920754,0.6379014288175492,0.6309822161953045,1000
Hydra,557.xz,557.xz,557.xz,557.xz,557.xz,557.xz,557.xz,557.xz,1.5532114074804153,1.554146559377506,1.5546502792431738,1.5499527450407091,1.5501791759098684,1.5504943286018449,1.5502153187069072,1.5501803293773557,1000
Hydra,544.nab,544.nab,544.nab,544.nab,544.nab,544.nab,544.nab,544.nab,2.7813607885536102,2.78136171687006,2.7813762605753487,2.7813969933543525,2.78137780778699,2.7814192737002235,2.7813966839076176,2.7814065862372885,1000
Hydra,433.milc,433.milc,433.milc,433.milc,433.milc,433.milc,433.milc,433.milc,0.2709333481530262,0.2708483895696025,0.2708041438060127,0.27068305754356925,0.2707091849731497,0.27066789457502827,0.2707192691532665,0.27074506638051726,1000
Hydra,481.wrf,481.wrf,481.wrf,481.wrf,481.wrf,481.wrf,481.wrf,481.wrf,3.638692399499316,3.6387347682562603,3.638777137999895,3.6387453605996654,3.6387559530047393,3.6387241759745232,3.638644735827115,3.638766545471482,1000
Hydra,ycsb_eserver,ycsb_eserver,ycsb_eserver,ycsb_eserver,ycsb_eserver,ycsb_eserver,ycsb_eserver,ycsb_eserver,1.6264334734061212,1.626455588296468,1.6264619371799245,1.6264554824821635,1.6264643709317246,1.6264622546253984,1.6264694500893777,1.6264738943783468,1000
Hydra,482.sphinx3,482.sphinx3,482.sphinx3,482.sphinx3,482.sphinx3,482.sphinx3,482.sphinx3,482.sphinx3,0.5198171449625508,0.5109319093511147,0.5162650117991336,0.5198684250446739,0.5159212471393199,0.51653833857055,0.5184179485086142,0.5174178794700299,1000
PARA,502.gcc,502.gcc,502.gcc,502.gcc,502.gcc,502.gcc,502.gcc,502.gcc,2.221147976343175,2.221105746400365,2.2211594221182875,2.220914547736515,2.223705483195191,2.22107062178339,2.2207298917349765,2.2206864941400526,125
PARA,462.libquantum,462.libquantum,462.libquantum,462.libquantum,462.libquantum,462.libquantum,462.libquantum,462.libquantum,0.2142978386451453,0.21389923930671287,0.21425460390507126,0.21162427778771095,0.2124118406958435,0.21280877638375545,0.2125733460947632,0.21064732225460986,125
PARA,wc_map0,wc_map0,wc_map0,wc_map0,wc_map0,wc_map0,wc_map0,wc_map0,1.028553594039853,1.0507223169553463,1.0204506056802933,1.029013233933399,1.0251786753157848,1.032101238397634,1.0285342978955407,1.0207885632482636,125
PARA,523.xalancbmk,523.xalancbmk,523.xalancbmk,523.xalancbmk,523.xalancbmk,523.xalancbmk,523.xalancbmk,523.xalancbmk,1.7087517411325865,1.7082541130488407,1.7085968872508532,1.7066281614945367,1.7068010697409841,1.7072253327109017,1.7086211761997818,1.7070917370614396,125
PARA,464.h264ref,464.h264ref,464.h264ref,464.h264ref,464.h264ref,464.h264ref,464.h264ref,464.h264ref,2.372299587656375,2.353847047583771,2.3738110529959964,2.3738484698457625,2.3738004592829127,2.3534911735137727,2.34281953457922,2.373828859662941,125
PARA,ycsb_abgsave,ycsb_abgsave,ycsb_abgsave,ycsb_abgsave,ycsb_abgsave,ycsb_abgsave,ycsb_abgsave,ycsb_abgsave,1.2025620536450425,1.2138878677394394,1.2229771578685935,1.2057689581726947,1.2105362753173978,1.2097941840064048,1.2229890635425982,1.2138996560439603,125
PARA,505.mcf,505.mcf,505.mcf,505.mcf,505.mcf,505.mcf,505.mcf,505.mcf,0.4050197893479115,0.40501818175220067,0.41153129114386966,0.41948375878858324,0.4051074062076293,0.4050320337405293,0.412910911596963,0.41287356965732025,125
PARA,bfs_ny,bfs_ny,bfs_ny,bfs_ny,bfs_ny,bfs_ny,bfs_ny,bfs_ny,0.010769562895923056,0.010767916789832433,0.010758385044637095,0.010680452555074924,0.010417813576785602,0.00990296209448111,0.00867411521475487,0.004446448038435432,125
PARA,444.namd,444.namd,444.namd,444.namd,444.namd,444.namd,444.namd,444.namd,3.600006969613493,3.579339935354257,3.5793296860441077,3.579350184723104,3.5902795908689713,3.602621613337539,3.579319436792655,3.5793091875998986,125
PARA,tpch17,tpch17,tpch17,tpch17,tpch17,tpch17,tpch17,tpch17,0.2677313865563268,0.2657111947187328,0.2688937291433251,0.26516556370343336,0.2682347627982289,0.2687333248284611,0.2680056285041267,0.2692294205984716,125
PARA,437.leslie3d,437.leslie3d,437.leslie3d,437.leslie3d,437.leslie3d,437.leslie3d,437.leslie3d,437.leslie3d,0.08377373970182822,0.08370886833749858,0.08382264579287871,0.08372569734790046,0.08345594123847148,0.08378262744766128,0.08375269003171296,0.08366685031540311,125
PARA,tpch2,tpch2,tpch2,tpch2,tpch2,tpch2,tpch2,tpch2,0.2483762033144016,0.24988963124656732,0.25002847324253286,0.24901628854389907,0.24693749843009485,0.2494928035846647,0.24987506996127146,0.2494259138339424,125
PARA,429.mcf,429.mcf,429.mcf,429.mcf,429.mcf,429.mcf,429.mcf,429.mcf,0.03755984030000613,0.037478195373322774,0.03755116077164337,0.03749002073757498,0.03748344324450963,0.037452470773428864,0.03741985327888074,0.03734411448159155,125
PARA,473.astar,473.astar,473.astar,473.astar,473.astar,473.astar,473.astar,473.astar,0.2576265363906293,0.2552315291469148,0.25761404854728503,0.25798231863486987,0.25647433816771387,0.25750945997052527,0.2559599768694088,0.25582707039671265,125
PARA,ycsb_aserver,ycsb_aserver,ycsb_aserver,ycsb_aserver,ycsb_aserver,ycsb_aserver,ycsb_aserver,ycsb_aserver,0.6689849224178186,0.6609909751200618,0.6749668692512228,0.6659320104727132,0.6736814874348297,0.6739192417772351,0.6683867376564676,0.6690091263013767,125
PARA,445.gobmk,445.gobmk,445.gobmk,445.gobmk,445.gobmk,445.gobmk,445.gobmk,445.gobmk,3.0634375420839732,3.063356460857718,3.0633406955621383,3.0633632174626406,3.0633493289181892,3.063395874806608,3.0634142683298475,3.0634041330958417,125
PARA,510.parest,510.parest,510.parest,510.parest,510.parest,510.parest,510.parest,510.parest,0.16114307004323966,0.16302349689613368,0.16258993223108545,0.16367846852368445,0.16049536728196395,0.16377199448059554,0.16305264500967956,0.16265075765292797,125
PARA,538.imagick,538.imagick,538.imagick,538.imagick,538.imagick,538.imagick,538.imagick,538.imagick,3.92101630233106,3.9210040028745663,3.920991703495235,3.920979404193064,3.9209671049680535,3.9209548058202026,3.9209425067495105,3.9209302077559762,125
PARA,520.omnetpp,520.omnetpp,520.omnetpp,520.omnetpp,520.omnetpp,520.omnetpp,520.omnetpp,520.omnetpp,0.16295346241398542,0.16292077483347933,0.16289009457385858,0.16294094058961484,0.16287097488409044,0.16292542851652364,0.16295026008491012,0.16290462756398688,125
PARA,519.lbm,519.lbm,519.lbm,519.lbm,519.lbm,519.lbm,519.lbm,519.lbm,0.054006588860007775,0.05401028015253298,0.05401587271544188,0.05403761388408213,0.054003698903430916,0.05401767207156042,0.054018630329840805,0.054021512079193895,125
PARA,h264_encode,h264_encode,h264_encode,h264_encode,h264_encode,h264_encode,h264_encode,h264_encode,2.0033825110316257,2.027275614850394,2.0104052140582973,1.9989575036826794,2.02776628484909,1.9905040218929964,1.9904260506961515,1.9905819991988305,125
PARA,bfs_cm2003,bfs_cm2003,bfs_cm2003,bfs_cm2003,bfs_cm2003,bfs_cm2003,bfs_cm2003,bfs_cm2003,0.01077483346713701,0.010772144884998823,0.010754484892611322,0.010694427914007805,0.010417899347243765,0.009895152061184477,0.008672317943571348,0.004396360648480556,125
PARA,435.gromacs,435.gromacs,435.gromacs,435.gromacs,435.gromacs,435.gromacs,435.gromacs,435.gromacs,3.158368558617868,3.1583370370098987,3.1583525982313985,3.1583446180986536,3.15832905695579,3.1583609774141816,3.1583130969685502,3.1583210769420074,125
PARA,ycsb_cserver,ycsb_cserver,ycsb_cserver,ycsb_cserver,ycsb_cserver,ycsb_cserver,ycsb_cserver,ycsb_cserver,0.9457399842258136,0.9480524878262476,0.9378533714271866,0.94787394717271,0.9381441062897758,0.9437952915562977,0.9189130199940403,0.93784369626859,125
PARA,508.namd,508.namd,508.namd,508.namd,508.namd,508.namd,508.namd,508.namd,2.5740643250437825,2.574018210252191,2.574030136332991,2.573974482234737,2.5740720110030253,2.573953811325479,2.5739927683158377,2.574057964284637,125
PARA,jp2_decode,jp2_decode,jp2_decode,jp2_decode,jp2_decode,jp2_decode,jp2_decode,jp2_decode,0.23638480268865966,0.23688869403793608,0.23624726027595966,0.23726033029105484,0.235819930617626,0.23573046638820172,0.23545336611572526,0.23462502228937712,125
PARA,483.xalancbmk,483.xalancbmk,483.xalancbmk,483.xalancbmk,483.xalancbmk,483.xalancbmk,483.xalancbmk,483.xalancbmk,0.16778909292236477,0.1683299188843707,0.16840129316834956,0.16807615102817358,0.16765791615293488,0.1681986570386795,0.16757144971798799,0.16810278444376295,125
PARA,jp2_encode,jp2_encode,jp2_encode,jp2_encode,jp2_encode,jp2_encode,jp2_encode,jp2_encode,2.572740904511898,2.5774931034017032,2.576093420276143,2.579025200686846,2.566957283879909,2.566970989634058,2.5587693015644724,2.533941898333994,125
PARA,541.leela,541.leela,541.leela,541.leela,541.leela,541.leela,541.leela,541.leela,3.3739307170075126,3.3738173420689113,3.3738810860766137,3.3739156909752346,3.3738983884371914,3.3739421004544026,3.3738492137716745,3.373870158361368,125
PARA,401.bzip2,401.bzip2,401.bzip2,401.bzip2,401.bzip2,401.bzip2,401.bzip2,401.bzip2,1.456494593870756,1.5239155999460656,1.4574825521848713,1.4569871743167429,1.4700621260014946,1.5201989441792676,1.4734026076161477,1.4574879053281151,125
PARA,ycsb_bserver,ycsb_bserver,ycsb_bserver,ycsb_bserver,ycsb_bserver,ycsb_bserver,ycsb_bserver,ycsb_bserver,0.8505550603245969,0.8647332085327307,0.8559974054376243,0.8537595884031854,0.8613870143288973,0.8604118419789638,0.8534278904126218,0.8599226578682132,125
PARA,531.deepsjeng,531.deepsjeng,531.deepsjeng,531.deepsjeng,531.deepsjeng,531.deepsjeng,531.deepsjeng,531.deepsjeng,3.06797855065748,3.068040297850261,3.068056864593151,3.068027872910504,3.0679796801569825,3.0680598767474443,3.06800076430035,3.0680391683061243,125
PARA,450.soplex,450.soplex,450.soplex,450.soplex,450.soplex,450.soplex,450.soplex,450.soplex,0.095332364601435,0.11074371465409472,0.10102844246870887,0.09347729040459316,0.09526993390560687,0.09877467331086755,0.09504879171941923,0.1006855826308574,125
PARA,grep_map0,grep_map0,grep_map0,grep_map0,grep_map0,grep_map0,grep_map0,grep_map0,0.025278276513679476,0.025227753662517595,0.025160780076894824,0.025086890099594694,0.024835054459231284,0.024035454703078184,0.022257000536444457,0.019545646086034055,125
PARA,511.povray,511.povray,511.povray,511.povray,511.povray,511.povray,511.povray,511.povray,2.9840438401397584,2.9753811016884097,2.9781954399062704,2.978196859050639,2.9781702503187835,2.9782000521304135,2.9770772199052624,2.9756488372533143,125
PARA,456.hmmer,456.hmmer,456.hmmer,456.hmmer,456.hmmer,456.hmmer,456.hmmer,456.hmmer,2.541437890663479,2.5470690723360483,2.5503489897557583,2.5472577445805564,2.5617481205222563,2.547369871176449,2.5415536395403935,2.561749958038536,125
PARA,436.cactusADM,436.cactusADM,436.cactusADM,436.cactusADM,436.cactusADM,436.cactusADM,436.cactusADM,436.cactusADM,0.4024630157014184,0.40538289460283106,0.4062359625163153,0.40587259328104874,0.40134861482632833,0.40481103995486584,0.40593958459617757,0.4059398284810047,125
PARA,tpch6,tpch6,tpch6,tpch6,tpch6,tpch6,tpch6,tpch6,2.079381295898703,2.0669491442045103,2.079390981315341,2.079356390955931,2.0793453222839697,2.079384409058497,2.0666687498687666,2.0793954781465933,125
PARA,gups,gups,gups,gups,gups,gups,gups,gups,0.051981756432859835,0.0520005978903944,0.051860893425990554,0.05195007122708026,0.05193056453951437,0.05200028238233345,0.051965841164751884,0.051966191685350716,125
PARA,wc_8443,wc_8443,wc_8443,wc_8443,wc_8443,wc_8443,wc_8443,wc_8443,0.2985259873379844,0.29576237816423745,0.29229254489859013,0.2844044035403161,0.2990088621681812,0.29065389721010976,0.2915769552410013,0.2788923835839882,125
PARA,447.dealII,447.dealII,447.dealII,447.dealII,447.dealII,447.dealII,447.dealII,447.dealII,3.4472131694574157,3.44717514338525,3.4471846498246417,3.4472226761065414,3.447194631642434,3.447203662860724,3.4472321828081016,3.447165636998291,125
PARA,458.sjeng,458.sjeng,458.sjeng,458.sjeng,458.sjeng,458.sjeng,458.sjeng,458.sjeng,3.174365752199613,3.1745023967493093,3.1743939669245926,3.174477404831707,3.1745112649436944,3.1745181176732915,3.1744894976459257,3.1744979626706975,125
PARA,ycsb_dserver,ycsb_dserver,ycsb_dserver,ycsb_dserver,ycsb_dserver,ycsb_dserver,ycsb_dserver,ycsb_dserver,0.9063418917385486,0.9134565671498365,0.9127280140615608,0.9263359496642384,0.8965119338468864,0.9229914285108803,0.9027406701210099,0.9127271476670584,125
PARA,525.x264,525.x264,525.x264,525.x264,525.x264,525.x264,525.x264,525.x264,3.0552669686166642,3.0552550203033917,3.0552322440900808,3.0552456857486723,3.055250913092288,3.056261993536128,3.0552561404537912,3.056271334302049,125
PARA,403.gcc,403.gcc,403.gcc,403.gcc,403.gcc,403.gcc,403.gcc,403.gcc,3.485044766794047,3.4830977110614407,3.4840156150792656,3.4852599990018214,3.4830783000181538,3.4850641997616494,3.482903610363951,3.4829230194602054,125
PARA,h264_decode,h264_decode,h264_decode,h264_decode,h264_decode,h264_decode,h264_decode,h264_decode,0.011614503278143376,0.01160894055424252,0.011604517591166137,0.011610032591767084,0.011565306318976105,0.011216575732144898,0.010689362677244983,0.008872612996001386,125
PARA,470.lbm,470.lbm,470.lbm,470.lbm,470.lbm,470.lbm,470.lbm,470.lbm,0.05749113938511037,0.057235715713908925,0.05744556942681721,0.05751595333801565,0.057246118804166406,0.05738951228195592,0.05710470128249804,0.057308526202293736,125
PARA,434.zeusmp,434.zeusmp,434.zeusmp,434.zeusmp,434.zeusmp,434.zeusmp,434.zeusmp,434.zeusmp,0.06332610968178452,0.06331260317469298,0.06318713465656849,0.0632042692127598,0.06303576348917998,0.06334716459548255,0.0630465674001321,0.06306103304319179,125
PARA,500.perlbench,500.perlbench,500.perlbench,500.perlbench,500.perlbench,500.perlbench,500.perlbench,500.perlbench,1.068459125091818,1.068487665976737,1.076386175498738,1.080512999911225,1.0805165024476076,1.03776191450303,1.035751961931724,1.050002373005363,125
PARA,bfs_dblp,bfs_dblp,bfs_dblp,bfs_dblp,bfs_dblp,bfs_dblp,bfs_dblp,bfs_dblp,0.010780763082859956,0.01077855135934302,0.010761210958552628,0.010713418222793914,0.010445074859212278,0.009930388733658752,0.008731102524368248,0.004488479251448717,125
PARA,549.fotonik3d,549.fotonik3d,549.fotonik3d,549.fotonik3d,549.fotonik3d,549.fotonik3d,549.fotonik3d,549.fotonik3d,0.08531776365596637,0.0852331199130104,0.08524013003852363,0.08535209356872794,0.08515966089191399,0.08537792372302827,0.08541323296217058,0.08516858663517436,125
PARA,526.blender,526.blender,526.blender,526.blender,526.blender,526.blender,526.blender,526.blender,2.379003863502274,2.4092790781674216,2.3758307686240188,2.3790063537550092,2.4176876481015013,2.374144916096294,2.427143228149036,2.3783599685866217,125
PARA,507.cactuBSSN,507.cactuBSSN,507.cactuBSSN,507.cactuBSSN,507.cactuBSSN,507.cactuBSSN,507.cactuBSSN,507.cactuBSSN,0.8300606531959775,0.8262791677372491,0.8246320359914281,0.8261497683294297,0.8265312839280761,0.8240197675090851,0.8242736862956784,0.8258349992902774,125
PARA,tpcc64,tpcc64,tpcc64,tpcc64,tpcc64,tpcc64,tpcc64,tpcc64,0.5683388863831459,0.5685452736694949,0.5689666171127088,0.5693531328542265,0.5684507341370696,0.5600430184723694,0.5695103304617863,0.5627417299306546,125
PARA,459.GemsFDTD,459.GemsFDTD,459.GemsFDTD,459.GemsFDTD,459.GemsFDTD,459.GemsFDTD,459.GemsFDTD,459.GemsFDTD,0.20387436482024204,0.2035699525147843,0.203569927650352,0.20427825172102587,0.20484685354249693,0.2043914266528121,0.20574666059796318,0.20479837513952195,125
PARA,471.omnetpp,471.omnetpp,471.omnetpp,471.omnetpp,471.omnetpp,471.omnetpp,471.omnetpp,471.omnetpp,0.24019437220358505,0.24017716928283492,0.24035748965522996,0.24013182814733272,0.24008289351667766,0.24038813337249032,0.2403899871762519,0.24002175096308967,125
PARA,557.xz,557.xz,557.xz,557.xz,557.xz,557.xz,557.xz,557.xz,0.6249512225570795,0.6259039461265947,0.6248972044098746,0.6250392680920179,0.624894096073068,0.6248957986255792,0.6260937701641325,0.6248945490448486,125
PARA,544.nab,544.nab,544.nab,544.nab,544.nab,544.nab,544.nab,544.nab,2.550039163501473,2.537522858005905,2.5500454061085014,2.550035261887601,2.5500363023167996,2.550050868414723,2.537547068960582,2.5248898592545594,125
PARA,433.milc,433.milc,433.milc,433.milc,433.milc,433.milc,433.milc,433.milc,0.1147579167516143,0.11479373019971735,0.11491608165800701,0.1147599891225892,0.11481019560093622,0.11475986163853341,0.11469865461047392,0.11487107206295184,125
PARA,481.wrf,481.wrf,481.wrf,481.wrf,481.wrf,481.wrf,481.wrf,481.wrf,3.5602645988649875,3.560274739281081,3.5602443182060926,3.5602848797549385,3.560305160875949,3.560295020286561,3.56023417796329,3.5602544585066584,125
PARA,ycsb_eserver,ycsb_eserver,ycsb_eserver,ycsb_eserver,ycsb_eserver,ycsb_eserver,ycsb_eserver,ycsb_eserver,0.7064466991334498,0.7030883888693008,0.700199128229679,0.6971688836125909,0.7029626332057953,0.6907033075377751,0.6957672332429123,0.7061463287155788,125
PARA,482.sphinx3,482.sphinx3,482.sphinx3,482.sphinx3,482.sphinx3,482.sphinx3,482.sphinx3,482.sphinx3,0.2332201114993635,0.23235774556923522,0.23574784516096617,0.23269595615010386,0.2358255140982058,0.2315869307306075,0.23336979969823418,0.23536308069108777,125
PARA,502.gcc,502.gcc,502.gcc,502.gcc,502.gcc,502.gcc,502.gcc,502.gcc,2.541796022902599,2.5418275516415476,2.5414699272438157,2.5418130793363916,2.54183039443514,2.541858305837205,2.5417944723290593,2.5416652645146622,250
PARA,462.libquantum,462.libquantum,462.libquantum,462.libquantum,462.libquantum,462.libquantum,462.libquantum,462.libquantum,0.26484746264000775,0.26425970471303484,0.26519066492793525,0.26523193307175597,0.26431061174120174,0.2638074302840061,0.2648878016857502,0.2636930111278978,250
PARA,wc_map0,wc_map0,wc_map0,wc_map0,wc_map0,wc_map0,wc_map0,wc_map0,1.5570105646280832,1.6237756082403625,1.5644279619095582,1.571204670273901,1.5570111464559562,1.5540540078524485,1.5709019691821708,1.5796438749751047,250
PARA,523.xalancbmk,523.xalancbmk,523.xalancbmk,523.xalancbmk,523.xalancbmk,523.xalancbmk,523.xalancbmk,523.xalancbmk,2.053449989005829,2.05088525231385,2.052843475611809,2.0532602569794833,2.05356148346653,2.0529724372026528,2.0530059867296977,2.0533165826504276,250
PARA,464.h264ref,464.h264ref,464.h264ref,464.h264ref,464.h264ref,464.h264ref,464.h264ref,464.h264ref,2.6845222473875303,2.6729403070417224,2.672973172651293,2.6756273784320674,2.6756720512247782,2.67543152302578,2.6754212156407693,2.6739992718165184,250
PARA,ycsb_abgsave,ycsb_abgsave,ycsb_abgsave,ycsb_abgsave,ycsb_abgsave,ycsb_abgsave,ycsb_abgsave,ycsb_abgsave,1.7107774669257103,1.6919660713427647,1.7208769285953782,1.704185910049932,1.7041689494009744,1.7208999095013156,1.7209186263627525,1.7209381728868256,250
PARA,505.mcf,505.mcf,505.mcf,505.mcf,505.mcf,505.mcf,505.mcf,505.mcf,0.630369709817625,0.6329802991211702,0.6196784493483759,0.6178233943424873,0.6300906123228132,0.6303290062759842,0.6302960149937842,0.630238383887275,250
PARA,bfs_ny,bfs_ny,bfs_ny,bfs_ny,bfs_ny,bfs_ny,bfs_ny,bfs_ny,0.02018569093228864,0.02018481896842623,0.02017961013753582,0.020068562332682477,0.019352313804555585,0.018022487711873186,0.013518815234782678,0.0020951303191963752,250
PARA,444.namd,444.namd,444.namd,444.namd,444.namd,444.namd,444.namd,444.namd,3.630137752111252,3.6493068652512415,3.649296211329868,3.6301904644770615,3.6301482944619474,3.6301588368738757,3.630169379347037,3.630179921881432,250
PARA,tpch17,tpch17,tpch17,tpch17,tpch17,tpch17,tpch17,tpch17,0.4510347069944135,0.4507561524608762,0.4513953632776619,0.45082279758952626,0.4510153329337458,0.45082696813742534,0.4510438046706813,0.4512657942351084,250
PARA,437.leslie3d,437.leslie3d,437.leslie3d,437.leslie3d,437.leslie3d,437.leslie3d,437.leslie3d,437.leslie3d,0.14401688034528012,0.14376058365416863,0.14402483531998694,0.14399731690375403,0.14394954137877647,0.14361079755129574,0.1439201966424247,0.1440059067766818,250
PARA,tpch2,tpch2,tpch2,tpch2,tpch2,tpch2,tpch2,tpch2,0.43342725528584475,0.4319084942769792,0.43213040271252057,0.4326766472938871,0.4338109626737248,0.4326566992139303,0.43271248207964524,0.43247513198795046,250
PARA,429.mcf,429.mcf,429.mcf,429.mcf,429.mcf,429.mcf,429.mcf,429.mcf,0.06460153609739257,0.0645263468417253,0.0645623396726647,0.06444582121914083,0.06433512651200253,0.06426853644439391,0.06411723215244267,0.0636641546140936,250
PARA,473.astar,473.astar,473.astar,473.astar,473.astar,473.astar,473.astar,473.astar,0.43889509389019404,0.438804161071036,0.43296032762004083,0.4357212052160081,0.43428181756182166,0.4347957508698263,0.43723596631702016,0.4380521537885466,250
PARA,ycsb_aserver,ycsb_aserver,ycsb_aserver,ycsb_aserver,ycsb_aserver,ycsb_aserver,ycsb_aserver,ycsb_aserver,1.0466634379192934,1.0525184830665775,1.0762811232517535,1.0758908903758848,1.0562446025900807,1.0730615411524467,1.0573362578408356,1.062395011468979,250
PARA,445.gobmk,445.gobmk,445.gobmk,445.gobmk,445.gobmk,445.gobmk,445.gobmk,445.gobmk,3.2536289676053083,3.253654797897931,3.253644211662831,3.2536370130623116,3.2535976330467653,3.253590434652352,3.2535832362897907,3.253620075304386,250
PARA,510.parest,510.parest,510.parest,510.parest,510.parest,510.parest,510.parest,510.parest,0.3009077906591722,0.29685894382741257,0.30113476734833783,0.299050502691933,0.3009897276660596,0.3007152222875496,0.2985651080333958,0.2985204086701408,250
PARA,538.imagick,538.imagick,538.imagick,538.imagick,538.imagick,538.imagick,538.imagick,538.imagick,3.92221586997572,3.9222041783398,3.9221912560864562,3.9221789492576726,3.92216664250612,3.922154335831798,3.9221420292347053,3.9221297227148417,250
PARA,520.omnetpp,520.omnetpp,520.omnetpp,520.omnetpp,520.omnetpp,520.omnetpp,520.omnetpp,520.omnetpp,0.2972394692782142,0.2972493826249223,0.29740466134459836,0.2971798441122919,0.29727380656041436,0.297257306709447,0.2972027620788344,0.2972640400392308,250
PARA,519.lbm,519.lbm,519.lbm,519.lbm,519.lbm,519.lbm,519.lbm,519.lbm,0.0998366066109277,0.0998427373050998,0.09982142346627577,0.0998515826046481,0.0998623836435961,0.09985987063792862,0.09983809655234492,0.09988910231949208,250
PARA,h264_encode,h264_encode,h264_encode,h264_encode,h264_encode,h264_encode,h264_encode,h264_encode,2.2961083351671587,2.302506425604682,2.3012248038896224,2.293360007250687,2.3025541404160146,2.2951323547745823,2.2958609942492356,2.2906520414336806,250
PARA,bfs_cm2003,bfs_cm2003,bfs_cm2003,bfs_cm2003,bfs_cm2003,bfs_cm2003,bfs_cm2003,bfs_cm2003,0.020212366303918535,0.020210575097565277,0.020208570881715952,0.02007644345155385,0.019377482485614012,0.01804929905983894,0.013477993761747247,0.002087802507390382,250
PARA,435.gromacs,435.gromacs,435.gromacs,435.gromacs,435.gromacs,435.gromacs,435.gromacs,435.gromacs,3.23015528260887,3.230122311811459,3.2301636297529597,3.2301723943006837,3.2301807415332116,3.2301390058019757,3.230147352861943,3.2301306587851477,250
PARA,ycsb_cserver,ycsb_cserver,ycsb_cserver,ycsb_cserver,ycsb_cserver,ycsb_cserver,ycsb_cserver,ycsb_cserver,1.384637283186571,1.3871386281931377,1.378618031375361,1.3560498073839733,1.391251001213783,1.3876166756667485,1.3787473594919946,1.3920553507934939,250
PARA,508.namd,508.namd,508.namd,508.namd,508.namd,508.namd,508.namd,508.namd,2.719054065018456,2.7191075932384714,2.7190960593554743,2.719057909516496,2.719104340082078,2.719059092441157,2.7190685558754994,2.719062641221316,250
PARA,jp2_decode,jp2_decode,jp2_decode,jp2_decode,jp2_decode,jp2_decode,jp2_decode,jp2_decode,0.38162067799126537,0.379264085071665,0.3817469905854015,0.38003923281814506,0.3780902507175435,0.3799899482018982,0.3786084872028514,0.37802697349472947,250
PARA,483.xalancbmk,483.xalancbmk,483.xalancbmk,483.xalancbmk,483.xalancbmk,483.xalancbmk,483.xalancbmk,483.xalancbmk,0.31645485098767645,0.3162873312513783,0.31700957211671044,0.31815206691435355,0.3156926829722274,0.31661134474425107,0.3171296287780778,0.3155166188976609,250
PARA,jp2_encode,jp2_encode,jp2_encode,jp2_encode,jp2_encode,jp2_encode,jp2_encode,jp2_encode,2.7598890966165417,2.760472986066568,2.7604778630102924,2.757758595299257,2.753084748868565,2.7412067296405915,2.7368053686925666,2.7208109496751187,250
PARA,541.leela,541.leela,541.leela,541.leela,541.leela,541.leela,541.leela,541.leela,3.4366868798842196,3.4367284544619734,3.43671286387744,3.43674735232984,3.436673179391453,3.4366968009988965,3.436696328563565,3.4367161709593086,250
PARA,401.bzip2,401.bzip2,401.bzip2,401.bzip2,401.bzip2,401.bzip2,401.bzip2,401.bzip2,2.153502335602493,2.153513836843245,2.1535902675637777,2.153092452239673,2.153092452239673,2.153110068450814,2.1531152606522577,2.1531024656295945,250
PARA,ycsb_bserver,ycsb_bserver,ycsb_bserver,ycsb_bserver,ycsb_bserver,ycsb_bserver,ycsb_bserver,ycsb_bserver,1.3641092383043183,1.356891281745557,1.3340689567436679,1.364046346366396,1.356946076699803,1.36113548753532,1.3611560897578994,1.356939153437143,250
PARA,531.deepsjeng,531.deepsjeng,531.deepsjeng,531.deepsjeng,531.deepsjeng,531.deepsjeng,531.deepsjeng,531.deepsjeng,3.1772074760962794,3.1768905357889428,3.176884883924251,3.176869543250029,3.176532085896477,3.176540561818211,3.177068579821116,3.17659303281662,250
PARA,450.soplex,450.soplex,450.soplex,450.soplex,450.soplex,450.soplex,450.soplex,450.soplex,0.17384187412666188,0.18558569423514193,0.17674936606895617,0.1843238901648444,0.1759235516747039,0.17436734592303235,0.18159409074814573,0.17214458272015434,250
PARA,grep_map0,grep_map0,grep_map0,grep_map0,grep_map0,grep_map0,grep_map0,grep_map0,0.044918713470047174,0.044922836394323595,0.04483875486042014,0.04456879439166686,0.04353197091811509,0.04111950848779108,0.03615347414127173,0.03183824679072128,250
PARA,511.povray,511.povray,511.povray,511.povray,511.povray,511.povray,511.povray,511.povray,3.0501106336129022,3.0458316027933443,3.0461864000449372,3.0464774251757727,3.045884297577048,3.046553902739132,3.0466793936620538,3.0463578902679953,250
PARA,456.hmmer,456.hmmer,456.hmmer,456.hmmer,456.hmmer,456.hmmer,456.hmmer,456.hmmer,2.813830132676593,2.812258883953937,2.805126829321385,2.811510278094354,2.8152953419362,2.805114868892858,2.8013489503681646,2.8050635661064844,250
PARA,436.cactusADM,436.cactusADM,436.cactusADM,436.cactusADM,436.cactusADM,436.cactusADM,436.cactusADM,436.cactusADM,0.6881773471561553,0.6898448083728396,0.6878840181319623,0.6865707179511192,0.6820457060653097,0.6885095684653364,0.688503443852916,0.6898575813858102,250
PARA,tpch6,tpch6,tpch6,tpch6,tpch6,tpch6,tpch6,tpch6,2.4726355891979055,2.472653686553561,2.472621160414957,2.472629719842151,2.4726253178436215,2.4726434150489234,2.4726113782850128,2.4605570248361737,250
PARA,gups,gups,gups,gups,gups,gups,gups,gups,0.08196018173732676,0.0819257452572039,0.08194024107395784,0.08197174709302774,0.08183316502433506,0.0819518085929887,0.08195993641600587,0.08189188010300243,250
PARA,wc_8443,wc_8443,wc_8443,wc_8443,wc_8443,wc_8443,wc_8443,wc_8443,0.4593163737192767,0.4597653714322138,0.45704576913005746,0.47775684523319256,0.4528579657906383,0.4506362343725888,0.4377730171421407,0.39966206494166445,250
PARA,447.dealII,447.dealII,447.dealII,447.dealII,447.dealII,447.dealII,447.dealII,447.dealII,3.5326826131959828,3.532692597101355,3.5326326945155877,3.53270258106316,3.532663144742818,3.532652661818454,3.532672629347042,3.5326431773214484,250
PARA,458.sjeng,458.sjeng,458.sjeng,458.sjeng,458.sjeng,458.sjeng,458.sjeng,458.sjeng,3.317530387914847,3.31752510503948,3.3176237214873465,3.3175092565143274,3.3175832175939135,3.317633407347523,3.3176017083790943,3.3174894460708253,250
PARA,ycsb_dserver,ycsb_dserver,ycsb_dserver,ycsb_dserver,ycsb_dserver,ycsb_dserver,ycsb_dserver,ycsb_dserver,1.6271967318599783,1.6243648489785767,1.6265855386525847,1.6229145142762922,1.6272020274156205,1.6272045692945716,1.6229220998041263,1.6229000808983232,250
PARA,525.x264,525.x264,525.x264,525.x264,525.x264,525.x264,525.x264,525.x264,3.214127349639587,3.214129415763839,3.214087680569053,3.2141095810806712,3.2140934655808517,3.214100903483764,3.2141149529498567,3.214125696742098,250
PARA,403.gcc,403.gcc,403.gcc,403.gcc,403.gcc,403.gcc,403.gcc,403.gcc,3.6047306177599885,3.605024307957904,3.6047519281818063,3.6049395747238364,3.604564301173747,3.60501391102768,3.6046562931387243,3.6048454891126456,250
PARA,h264_decode,h264_decode,h264_decode,h264_decode,h264_decode,h264_decode,h264_decode,h264_decode,0.02142154799459398,0.021409707879377196,0.021414035526191588,0.02139580783241883,0.020906083035370986,0.019954967242288957,0.017849455007623798,0.010859363963933824,250
PARA,470.lbm,470.lbm,470.lbm,470.lbm,470.lbm,470.lbm,470.lbm,470.lbm,0.10474113513347649,0.1051062535092876,0.10465711651500643,0.1050659294591048,0.10507067902842539,0.10489614549420978,0.10507843443136164,0.1043936942433801,250
PARA,434.zeusmp,434.zeusmp,434.zeusmp,434.zeusmp,434.zeusmp,434.zeusmp,434.zeusmp,434.zeusmp,0.11072345402753773,0.11080191909455721,0.11090288921146053,0.1107094444535423,0.11071773983888275,0.11083736596985978,0.11066997909882348,0.11057444956901485,250
PARA,500.perlbench,500.perlbench,500.perlbench,500.perlbench,500.perlbench,500.perlbench,500.perlbench,500.perlbench,1.7347717227768171,1.7347629352771745,1.7347559534916093,1.7347771397730065,1.734764740920519,1.7347766582608641,1.7347700374960136,1.7347693152338144,250
PARA,bfs_dblp,bfs_dblp,bfs_dblp,bfs_dblp,bfs_dblp,bfs_dblp,bfs_dblp,bfs_dblp,0.020188921972044627,0.020186946352254202,0.020183564448548155,0.020057044963634692,0.019351297686876535,0.018022476486444387,0.013519327350431804,0.0020913660507407934,250
PARA,549.fotonik3d,549.fotonik3d,549.fotonik3d,549.fotonik3d,549.fotonik3d,549.fotonik3d,549.fotonik3d,549.fotonik3d,0.15483538137601882,0.15478916564008427,0.15485393563569255,0.15473792708851622,0.15481373684332486,0.1547997517532109,0.15487523737185568,0.1548048023521017,250
PARA,526.blender,526.blender,526.blender,526.blender,526.blender,526.blender,526.blender,526.blender,2.883564214552864,2.8837065733975993,2.9229397337763108,2.8835735273186294,2.9066891171582907,2.8837155544502595,2.883591487822478,2.922931190224596,250
PARA,507.cactuBSSN,507.cactuBSSN,507.cactuBSSN,507.cactuBSSN,507.cactuBSSN,507.cactuBSSN,507.cactuBSSN,507.cactuBSSN,1.1955447880009769,1.192386052250166,1.1927221430678798,1.1941702138696757,1.1909563727432388,1.1903237723512452,1.1897037894540279,1.1909114402525685,250
PARA,tpcc64,tpcc64,tpcc64,tpcc64,tpcc64,tpcc64,tpcc64,tpcc64,0.9390568270990164,0.9410192118858707,0.9417366731735648,0.9335959003339324,0.9363251694018223,0.9414798353283982,0.9462188508066081,0.9450665334400074,250
PARA,459.GemsFDTD,459.GemsFDTD,459.GemsFDTD,459.GemsFDTD,459.GemsFDTD,459.GemsFDTD,459.GemsFDTD,459.GemsFDTD,0.34433156827135003,0.34243589582908285,0.34313024629847905,0.3429649553607103,0.34416471547070093,0.3443946939522776,0.34362752513655964,0.3419968429587433,250
PARA,471.omnetpp,471.omnetpp,471.omnetpp,471.omnetpp,471.omnetpp,471.omnetpp,471.omnetpp,471.omnetpp,0.42870871580081255,0.42890952446955427,0.42870277575272875,0.4290499344789264,0.4287031139193642,0.42861369478017614,0.4285113414868072,0.42883687124323894,250
PARA,557.xz,557.xz,557.xz,557.xz,557.xz,557.xz,557.xz,557.xz,1.0438843118969323,1.043261509229672,1.0446105096592,1.0434163019022398,1.0436379247668972,1.0426728024763563,1.0427589566737825,1.043635702844187,250
PARA,544.nab,544.nab,544.nab,544.nab,544.nab,544.nab,544.nab,544.nab,2.714121672771812,2.714163514889521,2.714184436432172,2.7141308072085577,2.7141785430072445,2.714514214336522,2.714206537003592,2.7142253964424756,250
PARA,433.milc,433.milc,433.milc,433.milc,433.milc,433.milc,433.milc,433.milc,0.18764957735460513,0.1877390227529032,0.18781252661773035,0.18799140954454946,0.18767108330542978,0.18798723801261968,0.18770253056121922,0.18767148059278335,250
PARA,481.wrf,481.wrf,481.wrf,481.wrf,481.wrf,481.wrf,481.wrf,481.wrf,3.605360161058649,3.605380958973649,3.6053913580211305,3.6053497621911297,3.6054017571286003,3.6053393633835964,3.605412156296059,3.6053705599861554,250
PARA,ycsb_eserver,ycsb_eserver,ycsb_eserver,ycsb_eserver,ycsb_eserver,ycsb_eserver,ycsb_eserver,ycsb_eserver,1.1191540985661397,1.1259788359216434,1.149054948267248,1.1286481463331148,1.1469718749650173,1.1325378719531842,1.1394805819062972,1.149038787688702,250
PARA,482.sphinx3,482.sphinx3,482.sphinx3,482.sphinx3,482.sphinx3,482.sphinx3,482.sphinx3,482.sphinx3,0.3733566706142912,0.38076594054144886,0.3800274708177665,0.3799139552638249,0.3761946663541542,0.3798298845260936,0.3762975756411561,0.38075932364594295,250
PARA,502.gcc,502.gcc,502.gcc,502.gcc,502.gcc,502.gcc,502.gcc,502.gcc,2.6332054367897983,2.633220691174087,2.6334359355086288,2.6331998897847853,2.633345506411828,2.633367142256284,2.6334739397739257,2.633213202636078,500
PARA,462.libquantum,462.libquantum,462.libquantum,462.libquantum,462.libquantum,462.libquantum,462.libquantum,462.libquantum,0.2831647608205807,0.2831291451239363,0.28190041791060394,0.2831020304813691,0.2829199772500651,0.28130521388411817,0.2808638283856399,0.28238336256867114,500
PARA,wc_map0,wc_map0,wc_map0,wc_map0,wc_map0,wc_map0,wc_map0,wc_map0,1.8503165003380158,1.8505748181477137,1.8978423354574492,1.9229310761506857,1.8840391961543292,1.8695009098113127,1.8549933862065808,1.8511969395123622,500
PARA,523.xalancbmk,523.xalancbmk,523.xalancbmk,523.xalancbmk,523.xalancbmk,523.xalancbmk,523.xalancbmk,523.xalancbmk,2.138146317799871,2.137702226630639,2.1380086279765784,2.1376609167008267,2.1379265345160117,2.137625274460397,2.137698022449763,2.1376190600375966,500
PARA,464.h264ref,464.h264ref,464.h264ref,464.h264ref,464.h264ref,464.h264ref,464.h264ref,464.h264ref,2.7651982763302456,2.7653873063191865,2.7651655504615062,2.765065542560608,2.7652368143277317,2.765216015909947,2.765079610513098,2.7649829726818576,500
PARA,ycsb_abgsave,ycsb_abgsave,ycsb_abgsave,ycsb_abgsave,ycsb_abgsave,ycsb_abgsave,ycsb_abgsave,ycsb_abgsave,1.9064908922735797,1.9064712650550222,1.906516771742432,1.8856744257895093,1.906532038050719,1.906543815084163,1.8856566471169327,1.9065625714007683,500
PARA,505.mcf,505.mcf,505.mcf,505.mcf,505.mcf,505.mcf,505.mcf,505.mcf,0.7140297652161599,0.7424153217417159,0.7135377839805459,0.7133819816090696,0.7143824416683162,0.7134390252345381,0.6988543708253235,0.7388189577043582,500
PARA,bfs_ny,bfs_ny,bfs_ny,bfs_ny,bfs_ny,bfs_ny,bfs_ny,bfs_ny,0.027592962445390935,0.02761880293539222,0.02762392143641828,0.027387434982900343,0.026358085377693144,0.024167323987267175,0.0138968446703328,0.002227293897134272,500
PARA,444.namd,444.namd,444.namd,444.namd,444.namd,444.namd,444.namd,444.namd,3.6506193713837876,3.6481369037795135,3.650608709797489,3.6473811147067803,3.6473917574490318,3.650640694743209,3.650630033032361,3.6474024002533922,500
PARA,tpch17,tpch17,tpch17,tpch17,tpch17,tpch17,tpch17,tpch17,0.5493030947692416,0.554571696071463,0.5491289409226877,0.5496021309261757,0.5500637072784496,0.5494510324844242,0.5494894605503713,0.555049880445586,500
PARA,437.leslie3d,437.leslie3d,437.leslie3d,437.leslie3d,437.leslie3d,437.leslie3d,437.leslie3d,437.leslie3d,0.17854058951046042,0.17794541406267872,0.17852009129374652,0.1785061170083463,0.1781162588332751,0.1784073422414165,0.17853960771220262,0.1784567917524809,500
PARA,tpch2,tpch2,tpch2,tpch2,tpch2,tpch2,tpch2,tpch2,0.5429633663485466,0.5415264699763104,0.5422907149374238,0.5418096168129506,0.5426563017287119,0.5416966793711873,0.5422821750113771,0.5421182276585164,500
PARA,429.mcf,429.mcf,429.mcf,429.mcf,429.mcf,429.mcf,429.mcf,429.mcf,0.08265949205199888,0.08257794524819963,0.08251541223694916,0.08235280596285176,0.08235039788615883,0.0820444309121454,0.08156588276350353,0.080246271312868,500
PARA,473.astar,473.astar,473.astar,473.astar,473.astar,473.astar,473.astar,473.astar,0.5529024959323516,0.5540534427983369,0.5537563274136117,0.5494298039471829,0.5527963401875068,0.5523710261157928,0.5483776816600875,0.5523300340745654,500
PARA,ycsb_aserver,ycsb_aserver,ycsb_aserver,ycsb_aserver,ycsb_aserver,ycsb_aserver,ycsb_aserver,ycsb_aserver,1.3043792446131093,1.2949964651776487,1.3030833819600616,1.3025565276969107,1.302055325580757,1.3088907240118568,1.2972764511165735,1.3062184672330917,500
PARA,445.gobmk,445.gobmk,445.gobmk,445.gobmk,445.gobmk,445.gobmk,445.gobmk,445.gobmk,3.3123550844650547,3.3123392852978775,3.312413016034199,3.3124046772743996,3.312395899677863,3.31238404999633,3.3123770280028353,3.312345868265885,500
PARA,510.parest,510.parest,510.parest,510.parest,510.parest,510.parest,510.parest,510.parest,0.3859469967565323,0.3854016930079731,0.38607108643523175,0.38340469875033995,0.3810521309646909,0.38550873289848564,0.38542033201402415,0.3853389088071427,500
PARA,538.imagick,538.imagick,538.imagick,538.imagick,538.imagick,538.imagick,538.imagick,538.imagick,3.92221586997572,3.9222041783398,3.9221912560864562,3.9221789492576726,3.92216664250612,3.922154335831798,3.9221420292347053,3.9221297227148417,500
PARA,520.omnetpp,520.omnetpp,520.omnetpp,520.omnetpp,520.omnetpp,520.omnetpp,520.omnetpp,520.omnetpp,0.386498584101087,0.38639248091360245,0.3864457641687518,0.3863087183650438,0.38636926330508925,0.3864664996925273,0.3865213332023696,0.3864313025925274,500
PARA,519.lbm,519.lbm,519.lbm,519.lbm,519.lbm,519.lbm,519.lbm,519.lbm,0.13135191319105477,0.13137936068396222,0.13138424628786294,0.1314123407279145,0.13137293386502588,0.13141243398167848,0.13140998179708932,0.13142237213764965,500
PARA,h264_encode,h264_encode,h264_encode,h264_encode,h264_encode,h264_encode,h264_encode,h264_encode,2.344581227313246,2.341117267313077,2.337248068030747,2.3417497066724318,2.335705756384208,2.3344215784219515,2.3344948223239337,2.330465183223037,500
PARA,bfs_cm2003,bfs_cm2003,bfs_cm2003,bfs_cm2003,bfs_cm2003,bfs_cm2003,bfs_cm2003,bfs_cm2003,0.02758391002811747,0.027614672451335233,0.027618868627735965,0.027342417317763174,0.026335600248780407,0.024121619639280844,0.013852723299420668,0.0022240957607539036,500
PARA,435.gromacs,435.gromacs,435.gromacs,435.gromacs,435.gromacs,435.gromacs,435.gromacs,435.gromacs,3.2489034301142676,3.24885318731341,3.24887007547645,3.248861631372983,3.2488865416044614,3.248895408050217,3.2488780974154006,3.2488447432977305,500
PARA,ycsb_cserver,ycsb_cserver,ycsb_cserver,ycsb_cserver,ycsb_cserver,ycsb_cserver,ycsb_cserver,ycsb_cserver,1.5359580685904808,1.5359949668516926,1.5360314893828275,1.5359834536489652,1.535986850969524,1.5359672222137233,1.535990531417089,1.5360112932465515,500
PARA,508.namd,508.namd,508.namd,508.namd,508.namd,508.namd,508.namd,508.namd,2.753792550638665,2.7538501854828255,2.7538156042868316,2.753824704517363,2.7537946739848578,2.7538271312556626,2.753774350662762,2.7538328947762656,500
PARA,jp2_decode,jp2_decode,jp2_decode,jp2_decode,jp2_decode,jp2_decode,jp2_decode,jp2_decode,0.4691118112802964,0.46703099318549474,0.4659806971037678,0.46629714296756203,0.4656800334842571,0.46587341220557776,0.4646946389294774,0.4646746954647508,500
PARA,483.xalancbmk,483.xalancbmk,483.xalancbmk,483.xalancbmk,483.xalancbmk,483.xalancbmk,483.xalancbmk,483.xalancbmk,0.41104241441447487,0.4117158657245027,0.41067780696474077,0.41028600134524573,0.4108475722967651,0.41194458027172687,0.4098780612767702,0.4108811113696375,500
PARA,jp2_encode,jp2_encode,jp2_encode,jp2_encode,jp2_encode,jp2_encode,jp2_encode,jp2_encode,2.806018798081132,2.806020372830315,2.803288010146557,2.8031220500644327,2.8020390774611372,2.7976134790360274,2.7909887680564416,2.7734958084157846,500
PARA,541.leela,541.leela,541.leela,541.leela,541.leela,541.leela,541.leela,541.leela,3.46220970410294,3.4622547754187667,3.4622432677372106,3.462262926739486,3.462182374195718,3.462265803685374,3.462254295930508,3.462248062595229,500
PARA,401.bzip2,401.bzip2,401.bzip2,401.bzip2,401.bzip2,401.bzip2,401.bzip2,401.bzip2,2.311358905222081,2.3116016884678445,2.3105586801497315,2.311704715785152,2.3116247726285875,2.31161173429595,2.311403140974974,2.30454295474486,500
PARA,ycsb_bserver,ycsb_bserver,ycsb_bserver,ycsb_bserver,ycsb_bserver,ycsb_bserver,ycsb_bserver,ycsb_bserver,1.4772676575587207,1.4813249657828746,1.4832543549831116,1.4984404531451756,1.4955783823357596,1.4745961007550228,1.4983941110953747,1.4965984114026911,500
PARA,531.deepsjeng,531.deepsjeng,531.deepsjeng,531.deepsjeng,531.deepsjeng,531.deepsjeng,531.deepsjeng,531.deepsjeng,3.2097700263971487,3.209776620089812,3.209748184983694,3.2097395309209618,3.2097073876679447,3.20977085060725,3.209726343867484,3.209725107586776,500
PARA,450.soplex,450.soplex,450.soplex,450.soplex,450.soplex,450.soplex,450.soplex,450.soplex,0.24524518632748277,0.23686528913899504,0.22821318342830882,0.2397552647307145,0.23091889250079906,0.22434883177839102,0.24048525615195673,0.23693565469240307,500
PARA,grep_map0,grep_map0,grep_map0,grep_map0,grep_map0,grep_map0,grep_map0,grep_map0,0.061263459557559415,0.061237145989314394,0.06114443790057647,0.0608432938449729,0.05924314357949552,0.05539754059560582,0.047206244655037546,0.04144334354604518,500
PARA,511.povray,511.povray,511.povray,511.povray,511.povray,511.povray,511.povray,511.povray,3.0549671688788296,3.054670787132456,3.0550157003366873,3.055237844766787,3.0577650966143692,3.057937518997437,3.0579809081689557,3.054736478881018,500
PARA,456.hmmer,456.hmmer,456.hmmer,456.hmmer,456.hmmer,456.hmmer,456.hmmer,456.hmmer,2.8802208322916534,2.878728385067921,2.869115429907682,2.869109832278725,2.8786279491975133,2.880257001875969,2.8786392188800964,2.8691190519145287,500
PARA,436.cactusADM,436.cactusADM,436.cactusADM,436.cactusADM,436.cactusADM,436.cactusADM,436.cactusADM,436.cactusADM,0.8568477489855608,0.8512979330962911,0.8567385450886589,0.8541384665734106,0.852520239086232,0.8570039245637722,0.8503449951686799,0.8550259691907467,500
PARA,tpch6,tpch6,tpch6,tpch6,tpch6,tpch6,tpch6,tpch6,2.5883797074344064,2.5883842632448917,2.588400878689623,2.5884083825087787,2.5884333062203573,2.5884325022221693,2.588437058218505,2.588369523916017,500
PARA,gups,gups,gups,gups,gups,gups,gups,gups,0.09509415131182039,0.09499487037199478,0.09507263553157518,0.09502932431995144,0.09503616240022723,0.09508802026083808,0.09508166507164004,0.0951040724054541,500
PARA,wc_8443,wc_8443,wc_8443,wc_8443,wc_8443,wc_8443,wc_8443,wc_8443,0.6467719611419406,0.6407494615782274,0.640530560174208,0.6427945787425159,0.6333588002684529,0.629015129373819,0.6113327097087606,0.5965674890715398,500
PARA,447.dealII,447.dealII,447.dealII,447.dealII,447.dealII,447.dealII,447.dealII,447.dealII,3.5568303235435135,3.5568207087776216,3.556810081991586,3.556851071373339,3.5567802261230144,3.5567999613020165,3.5568404444058723,3.5567898406700422,500
PARA,458.sjeng,458.sjeng,458.sjeng,458.sjeng,458.sjeng,458.sjeng,458.sjeng,458.sjeng,3.358110367118028,3.3581451003454053,3.358104503137544,3.35813833407593,3.3580869113189693,3.3581248016187772,3.3581320189156862,3.3580801452839792,500
PARA,ycsb_dserver,ycsb_dserver,ycsb_dserver,ycsb_dserver,ycsb_dserver,ycsb_dserver,ycsb_dserver,ycsb_dserver,1.7572670196055469,1.75725775569225,1.757257138101503,1.7572702311182895,1.7572567675472632,1.7572790010782664,1.7572681312817064,1.7572552853318668,500
PARA,525.x264,525.x264,525.x264,525.x264,525.x264,525.x264,525.x264,525.x264,3.2665493844775666,3.266582249470454,3.2665387141675404,3.2665673107553426,3.266582676292894,3.266560481673942,3.2666142614629416,3.266556213512567,500
PARA,403.gcc,403.gcc,403.gcc,403.gcc,403.gcc,403.gcc,403.gcc,403.gcc,3.639348696334346,3.6392729373183275,3.6393656498327567,3.639376245849473,3.639169634652115,3.6391367909305723,3.6391579803604834,3.6390610407365225,500
PARA,h264_decode,h264_decode,h264_decode,h264_decode,h264_decode,h264_decode,h264_decode,h264_decode,0.029314645079806047,0.029313270461793103,0.02932642209196257,0.02925362864086669,0.028486513854789185,0.027035450455018418,0.022854470926581164,0.009441226857127522,500
PARA,470.lbm,470.lbm,470.lbm,470.lbm,470.lbm,470.lbm,470.lbm,470.lbm,0.1378235473239615,0.13811346160088883,0.13810241558028585,0.1374289951794911,0.1380654588221702,0.13792769606177863,0.13754691395122282,0.13710226434315767,500
PARA,434.zeusmp,434.zeusmp,434.zeusmp,434.zeusmp,434.zeusmp,434.zeusmp,434.zeusmp,434.zeusmp,0.14089730323576066,0.1408135868844558,0.1407438268462702,0.14083531509746972,0.14109666525199388,0.14105404735772284,0.14134173492728064,0.14063099360505307,500
PARA,500.perlbench,500.perlbench,500.perlbench,500.perlbench,500.perlbench,500.perlbench,500.perlbench,500.perlbench,1.8506364634899777,1.8506505740014834,1.850647697083616,1.850630572757578,1.8506537249217914,1.8506453681566557,1.850642491254974,1.8506415322897343,500
PARA,bfs_dblp,bfs_dblp,bfs_dblp,bfs_dblp,bfs_dblp,bfs_dblp,bfs_dblp,bfs_dblp,0.027598500920965288,0.02762697901319523,0.027630804646421307,0.027393431257676654,0.026357870952209633,0.024184958997488022,0.013930671857263233,0.0022211576247291053,500
PARA,549.fotonik3d,549.fotonik3d,549.fotonik3d,549.fotonik3d,549.fotonik3d,549.fotonik3d,549.fotonik3d,549.fotonik3d,0.1964358691614221,0.19639797627125935,0.1963350651709118,0.19639855022675312,0.1963635620453835,0.19630473146698416,0.19634713897714387,0.19638635439424326,500
PARA,526.blender,526.blender,526.blender,526.blender,526.blender,526.blender,526.blender,526.blender,3.0320888387475726,3.0741353563931195,3.0741395145343473,3.074147074819944,3.0321748929369368,3.0322223351556583,3.032128187706685,3.032184087049396,500
PARA,507.cactuBSSN,507.cactuBSSN,507.cactuBSSN,507.cactuBSSN,507.cactuBSSN,507.cactuBSSN,507.cactuBSSN,507.cactuBSSN,1.375582875731934,1.3754583783818877,1.3747934372860477,1.3738368273117882,1.3780600926806046,1.3777434799254233,1.3749560770281193,1.3724580498589853,500
PARA,tpcc64,tpcc64,tpcc64,tpcc64,tpcc64,tpcc64,tpcc64,tpcc64,1.1412928803137112,1.1423197434295025,1.1414889737415985,1.1396389587310294,1.1530910566027033,1.1433074099811193,1.1424334893501435,1.1422850342932245,500
PARA,459.GemsFDTD,459.GemsFDTD,459.GemsFDTD,459.GemsFDTD,459.GemsFDTD,459.GemsFDTD,459.GemsFDTD,459.GemsFDTD,0.4214201241223863,0.4206026310376982,0.42093242391276015,0.4183885587263904,0.4191102119203963,0.4194101894900269,0.41981403346626495,0.41950510110651856,500
PARA,471.omnetpp,471.omnetpp,471.omnetpp,471.omnetpp,471.omnetpp,471.omnetpp,471.omnetpp,471.omnetpp,0.541539525821926,0.5413449967628652,0.5704597937883683,0.540907609215629,0.5416478444040737,0.5415178837255833,0.5412033244604852,0.5411371252081565,500
PARA,557.xz,557.xz,557.xz,557.xz,557.xz,557.xz,557.xz,557.xz,1.2773928595680788,1.2773941649554268,1.277475234737352,1.2787400666192885,1.2798891226933453,1.277464464004526,1.2774391371787726,1.2785956641695864,500
PARA,544.nab,544.nab,544.nab,544.nab,544.nab,544.nab,544.nab,544.nab,2.7548713287758213,2.754801205280623,2.7548619180560814,2.7548798288360103,2.754866168050583,2.754895311223278,2.7549165618420917,2.7548968291137497,500
PARA,433.milc,433.milc,433.milc,433.milc,433.milc,433.milc,433.milc,433.milc,0.22916829490740198,0.22937797290482786,0.22946302064367738,0.22917589347911804,0.22916936418105754,0.22891679520955163,0.2290891921382234,0.2290947070646164,500
PARA,481.wrf,481.wrf,481.wrf,481.wrf,481.wrf,481.wrf,481.wrf,481.wrf,3.610275131847248,3.610254277429268,3.610285559146586,3.610306413925963,3.610264704608142,3.6102438503106256,3.610295986506158,3.6102334232522137,500
PARA,ycsb_eserver,ycsb_eserver,ycsb_eserver,ycsb_eserver,ycsb_eserver,ycsb_eserver,ycsb_eserver,ycsb_eserver,1.3919414939151278,1.3907729999780258,1.4239194430675144,1.4052981652033671,1.423923579274553,1.3569177948804902,1.4136311247194153,1.4184669186847385,500
PARA,482.sphinx3,482.sphinx3,482.sphinx3,482.sphinx3,482.sphinx3,482.sphinx3,482.sphinx3,482.sphinx3,0.45224042620584937,0.45085300938522677,0.45101122399160337,0.4521658291048292,0.4428591817808158,0.44697361584473555,0.4496281979468358,0.44533980308748383,500
PARA,502.gcc,502.gcc,502.gcc,502.gcc,502.gcc,502.gcc,502.gcc,502.gcc,2.6766864677224804,2.6767939417942936,2.6766996507442298,2.67676528119794,2.6767291697203683,2.6765987752740514,2.6766890469991265,2.676809991996338,1000
PARA,462.libquantum,462.libquantum,462.libquantum,462.libquantum,462.libquantum,462.libquantum,462.libquantum,462.libquantum,0.29014241268944574,0.28904768269316594,0.29009844908611504,0.2901428504397283,0.29009678278490497,0.2888934141153276,0.28888258482892665,0.2898095664816364,1000
PARA,wc_map0,wc_map0,wc_map0,wc_map0,wc_map0,wc_map0,wc_map0,wc_map0,2.033473247137927,2.068180122274118,2.014934208771202,2.038700737650856,2.0032195745001364,2.0063467972044045,2.003699630998676,2.0063253821588396,1000
PARA,523.xalancbmk,523.xalancbmk,523.xalancbmk,523.xalancbmk,523.xalancbmk,523.xalancbmk,523.xalancbmk,523.xalancbmk,2.1800347706825787,2.1796504520725817,2.179831760584718,2.179471073754783,2.179541567432139,2.179548978083589,2.179542897545355,2.179511165286978,1000
PARA,464.h264ref,464.h264ref,464.h264ref,464.h264ref,464.h264ref,464.h264ref,464.h264ref,464.h264ref,2.768244865210282,2.768661804970368,2.7686329830348138,2.7682053237681874,2.7686798956407026,2.7683966044840496,2.7683064785458464,2.7686857215001184,1000
PARA,ycsb_abgsave,ycsb_abgsave,ycsb_abgsave,ycsb_abgsave,ycsb_abgsave,ycsb_abgsave,ycsb_abgsave,ycsb_abgsave,1.9757910276958484,1.9758453693929856,1.9758171050912618,1.975875039971952,1.9530400122432172,1.9758867522878991,1.9758611415371772,1.975863015472035,1000
PARA,505.mcf,505.mcf,505.mcf,505.mcf,505.mcf,505.mcf,505.mcf,505.mcf,0.7399381873396813,0.7712317477980871,0.755123072072631,0.7547151812075679,0.7355781806326973,0.7399586866266082,0.7399612710190439,0.7399045718437128,1000
PARA,bfs_ny,bfs_ny,bfs_ny,bfs_ny,bfs_ny,bfs_ny,bfs_ny,bfs_ny,0.031615103105848884,0.03165847096813486,0.03167137565759071,0.03129320813625064,0.030131716084261954,0.02733664903631768,0.01225518099443472,0.002521889658502239,1000
PARA,444.namd,444.namd,444.namd,444.namd,444.namd,444.namd,444.namd,444.namd,3.656781508621301,3.656770811011795,3.6567922062933977,3.655015646390979,3.6550049591107285,3.654994271892977,3.654983584737724,3.6568029040280856,1000
PARA,tpch17,tpch17,tpch17,tpch17,tpch17,tpch17,tpch17,tpch17,0.5971255094525565,0.6028875031693796,0.5967621832281899,0.5974093796283545,0.5968999927249828,0.5967423690853463,0.5968842736417385,0.5962044859284056,1000
PARA,437.leslie3d,437.leslie3d,437.leslie3d,437.leslie3d,437.leslie3d,437.leslie3d,437.leslie3d,437.leslie3d,0.196149372831603,0.1960321616323752,0.19610027617429415,0.19598208811514603,0.19594220773932375,0.1960304923078419,0.19603877926213026,0.1960139128166339,1000
PARA,tpch2,tpch2,tpch2,tpch2,tpch2,tpch2,tpch2,tpch2,0.5977711219018629,0.6001420560252294,0.5967585507742464,0.5955312100279452,0.5976766872741603,0.5962048129515909,0.5956912034970981,0.5964741743503078,1000
PARA,429.mcf,429.mcf,429.mcf,429.mcf,429.mcf,429.mcf,429.mcf,429.mcf,0.08990038602110993,0.08985165326718546,0.08973773898106624,0.08970273493197409,0.08954257451599633,0.0892050483905809,0.08833142853674208,0.08648331093150365,1000
PARA,473.astar,473.astar,473.astar,473.astar,473.astar,473.astar,473.astar,473.astar,0.6224155904250473,0.6213872081676726,0.6204678238044119,0.6198788860796254,0.6195038240236447,0.6181427569542791,0.6214052328683797,0.615739751338181,1000
PARA,ycsb_aserver,ycsb_aserver,ycsb_aserver,ycsb_aserver,ycsb_aserver,ycsb_aserver,ycsb_aserver,ycsb_aserver,1.4145239128379419,1.4133142569828183,1.4122607051338614,1.4127583037836098,1.414373142751267,1.4135973933264068,1.4080462181596396,1.414288408707174,1000
PARA,445.gobmk,445.gobmk,445.gobmk,445.gobmk,445.gobmk,445.gobmk,445.gobmk,445.gobmk,3.3406734610619786,3.340694442180196,3.340684174791545,3.340370826590795,3.3404074254851976,3.3403984988516378,3.3404154594961932,3.340550704482057,1000
PARA,510.parest,510.parest,510.parest,510.parest,510.parest,510.parest,510.parest,510.parest,0.421850805274377,0.41831020747182346,0.42165444520934436,0.4165003025624798,0.42145904942035556,0.419096722175804,0.42181748703109484,0.41860266211869945,1000
PARA,538.imagick,538.imagick,538.imagick,538.imagick,538.imagick,538.imagick,538.imagick,538.imagick,3.92221586997572,3.9222041783398,3.9221912560864562,3.9221789492576726,3.92216664250612,3.922154335831798,3.9221420292347053,3.9221297227148417,1000
PARA,520.omnetpp,520.omnetpp,520.omnetpp,520.omnetpp,520.omnetpp,520.omnetpp,520.omnetpp,520.omnetpp,0.4358350404120196,0.43581728440541684,0.43578650163861826,0.43589850887838083,0.43571506925447023,0.43568391369073783,0.4358895407084216,0.43575770560809013,1000
PARA,519.lbm,519.lbm,519.lbm,519.lbm,519.lbm,519.lbm,519.lbm,519.lbm,0.14873727290852667,0.14868415474628133,0.14870672409038282,0.14873631986542812,0.14876874611910693,0.14872583188871966,0.1487245277419193,0.1487233182856468,1000
PARA,h264_encode,h264_encode,h264_encode,h264_encode,h264_encode,h264_encode,h264_encode,h264_encode,2.3849243020256687,2.384589220168741,2.3848528645946367,2.3829747321750867,2.384856504615031,2.3848742498735778,2.3805213932220464,2.3779136337963545,1000
PARA,bfs_cm2003,bfs_cm2003,bfs_cm2003,bfs_cm2003,bfs_cm2003,bfs_cm2003,bfs_cm2003,bfs_cm2003,0.03163376433987166,0.03167848609356339,0.031692447885654944,0.031295832433640744,0.030159740680469425,0.027395496544399458,0.012384736054166975,0.002518147572893041,1000
PARA,435.gromacs,435.gromacs,435.gromacs,435.gromacs,435.gromacs,435.gromacs,435.gromacs,435.gromacs,3.279462692832406,3.279491516152217,3.2794996900216895,3.2795082941388367,3.2794824819228365,3.2795186191390084,3.2794751685355084,3.250780414854194,1000
PARA,ycsb_cserver,ycsb_cserver,ycsb_cserver,ycsb_cserver,ycsb_cserver,ycsb_cserver,ycsb_cserver,ycsb_cserver,1.585976918960703,1.5859803398070724,1.5859762146706353,1.5859804404204243,1.5859981485692012,1.5859852698763286,1.5858974387439184,1.5859723913926107,1000
PARA,508.namd,508.namd,508.namd,508.namd,508.namd,508.namd,508.namd,508.namd,2.7680480887458363,2.7680885451734887,2.7680615740903236,2.768116742776959,2.7681158232808283,2.7681314547981297,2.7681237922675894,2.768130535292225,1000
PARA,jp2_decode,jp2_decode,jp2_decode,jp2_decode,jp2_decode,jp2_decode,jp2_decode,jp2_decode,0.519449703295524,0.5141390289517856,0.5115832474248638,0.5113261921790041,0.5141149012255718,0.5134496176227739,0.5138352610445498,0.5113509478871613,1000
PARA,483.xalancbmk,483.xalancbmk,483.xalancbmk,483.xalancbmk,483.xalancbmk,483.xalancbmk,483.xalancbmk,483.xalancbmk,0.45625123689710323,0.45541674959046646,0.4567267816546371,0.4556564028482316,0.45827221585926525,0.4564853262883162,0.4548334468142783,0.45453094261208676,1000
PARA,jp2_encode,jp2_encode,jp2_encode,jp2_encode,jp2_encode,jp2_encode,jp2_encode,jp2_encode,2.8103832193591787,2.8103528903917407,2.8103623681237457,2.8096548732339914,2.806949467948342,2.803344906288665,2.7962763888797233,2.779649099321421,1000
PARA,541.leela,541.leela,541.leela,541.leela,541.leela,541.leela,541.leela,541.leela,3.4675636467839803,3.4676295395431826,3.4676660942705833,3.4675670135065895,3.467575670823319,3.467613186362016,3.4675698992740296,3.4676372352112206,1000
PARA,401.bzip2,401.bzip2,401.bzip2,401.bzip2,401.bzip2,401.bzip2,401.bzip2,401.bzip2,2.386641452277052,2.3866929457471278,2.386671299991217,2.386702743428882,2.386690895079732,2.3866847430986864,2.3866667430400024,2.3867168704604644,1000
PARA,ycsb_bserver,ycsb_bserver,ycsb_bserver,ycsb_bserver,ycsb_bserver,ycsb_bserver,ycsb_bserver,ycsb_bserver,1.5506295431894985,1.5506315629317928,1.5506138663210824,1.5506242534131875,1.550663494794826,1.5506229069304347,1.550618098082549,1.5506590704220653,1000
PARA,531.deepsjeng,531.deepsjeng,531.deepsjeng,531.deepsjeng,531.deepsjeng,531.deepsjeng,531.deepsjeng,531.deepsjeng,3.231152654256197,3.231145137223503,3.231105464574806,3.2311735350860857,3.231086672607558,3.231173952705436,3.231162677020863,3.231151819028615,1000
PARA,450.soplex,450.soplex,450.soplex,450.soplex,450.soplex,450.soplex,450.soplex,450.soplex,0.25440785782427044,0.26697102502596,0.24953191555620388,0.2627359629055495,0.24707206996416892,0.2456502465198484,0.27430936746520174,0.25014011098036343,1000
PARA,grep_map0,grep_map0,grep_map0,grep_map0,grep_map0,grep_map0,grep_map0,grep_map0,0.07000090849979088,0.07005360372858681,0.06999686024883542,0.06946771439207293,0.06767423459872206,0.06318904110741332,0.0526005316773373,0.04636168498851404,1000
PARA,511.povray,511.povray,511.povray,511.povray,511.povray,511.povray,511.povray,511.povray,3.0551478630462756,3.0549171457591395,3.0548962410601517,3.055091113815342,3.0550582599610174,3.0552643549151504,3.0551000740800665,3.0549798615727526,1000
PARA,456.hmmer,456.hmmer,456.hmmer,456.hmmer,456.hmmer,456.hmmer,456.hmmer,456.hmmer,2.8970086763092247,2.8970355330678643,2.9006432234360835,2.900625049890751,2.8896405807252883,2.8923632470410254,2.8923508657616,2.8970543330951957,1000
PARA,436.cactusADM,436.cactusADM,436.cactusADM,436.cactusADM,436.cactusADM,436.cactusADM,436.cactusADM,436.cactusADM,0.945787892008274,0.9523570436841223,0.9527985503741735,0.9520816541786559,0.9528108969552166,0.9526665345889783,0.9505698723418882,0.9444007837468776,1000
PARA,tpch6,tpch6,tpch6,tpch6,tpch6,tpch6,tpch6,tpch6,2.6193301325119114,2.619356753036987,2.619339463356017,2.6193081778468343,2.619292809800262,2.6193449521188983,2.6193630651996136,2.619320527300654,1000
PARA,gups,gups,gups,gups,gups,gups,gups,gups,0.09787084980667747,0.09784641948503266,0.09783407834179658,0.09794704482834862,0.09784330040073955,0.09791699760979909,0.09788738122570304,0.09790452708457663,1000
PARA,wc_8443,wc_8443,wc_8443,wc_8443,wc_8443,wc_8443,wc_8443,wc_8443,0.6786117720412764,0.6625093761639461,0.6679448459238265,0.6572396073198405,0.6452314915088568,0.6339566987288154,0.6352269958260505,0.42980654029391613,1000
PARA,447.dealII,447.dealII,447.dealII,447.dealII,447.dealII,447.dealII,447.dealII,447.dealII,3.570867435117339,3.5708266320820203,3.570877636021871,3.570887836984685,3.5708470334831186,3.570857234271088,3.570898548058367,3.5708373427885296,1000
PARA,458.sjeng,458.sjeng,458.sjeng,458.sjeng,458.sjeng,458.sjeng,458.sjeng,458.sjeng,3.3751783444237193,3.3751532825863286,3.3751314107414774,3.3751633072766225,3.375172876354727,3.3750913130954756,3.3750844783644935,3.375195204414647,1000
PARA,ycsb_dserver,ycsb_dserver,ycsb_dserver,ycsb_dserver,ycsb_dserver,ycsb_dserver,ycsb_dserver,ycsb_dserver,1.808761655931425,1.8084923763727272,1.808520504354411,1.8084956470233173,1.808520896844066,1.8087231825135537,1.808517887761065,1.8085085989158354,1000
PARA,525.x264,525.x264,525.x264,525.x264,525.x264,525.x264,525.x264,525.x264,3.287218047090056,3.287240091074959,3.2881502037535157,3.288161015720829,3.2881255527339053,3.2881182007469816,3.2881618806812862,3.2881731252086346,1000
PARA,403.gcc,403.gcc,403.gcc,403.gcc,403.gcc,403.gcc,403.gcc,403.gcc,3.647164016321205,3.6476833927540957,3.647661571710254,3.647367811366307,3.6470592011073055,3.6472571313359787,3.6471427335568207,3.647821243918717,1000
PARA,h264_decode,h264_decode,h264_decode,h264_decode,h264_decode,h264_decode,h264_decode,h264_decode,0.03359319862748242,0.03359752699408761,0.03362193040063248,0.03353859166076709,0.032558395125857176,0.030872475470620386,0.02463082724978173,0.007584890510242636,1000
PARA,470.lbm,470.lbm,470.lbm,470.lbm,470.lbm,470.lbm,470.lbm,470.lbm,0.1543327236100133,0.15423060566327998,0.154440783175142,0.15406689615444405,0.15425630570006235,0.15410571243801321,0.15354430935616106,0.15343498585268056,1000
PARA,434.zeusmp,434.zeusmp,434.zeusmp,434.zeusmp,434.zeusmp,434.zeusmp,434.zeusmp,434.zeusmp,0.15811326801922995,0.15807249285455427,0.15794067995711797,0.1582101505936608,0.15770248124920652,0.157997752374534,0.15760428872790486,0.1579446772864877,1000
PARA,500.perlbench,500.perlbench,500.perlbench,500.perlbench,500.perlbench,500.perlbench,500.perlbench,500.perlbench,1.9070718955425017,1.907078587504699,1.907076259860347,1.9070653491031873,1.9070697133910697,1.9070860069089912,1.9070855704718466,1.907077569159596,1000
PARA,bfs_dblp,bfs_dblp,bfs_dblp,bfs_dblp,bfs_dblp,bfs_dblp,bfs_dblp,bfs_dblp,0.031627390556473345,0.03167015488086555,0.03168570919698939,0.031312166039388585,0.03018642395262023,0.027389885295970043,0.012350386363632917,0.002512042411033085,1000
PARA,549.fotonik3d,549.fotonik3d,549.fotonik3d,549.fotonik3d,549.fotonik3d,549.fotonik3d,549.fotonik3d,549.fotonik3d,0.21758180573281583,0.21757683684653636,0.21764902918738777,0.2176272444517958,0.21758736948837593,0.21757673838004668,0.21762212004544507,0.21747811215462812,1000
PARA,526.blender,526.blender,526.blender,526.blender,526.blender,526.blender,526.blender,526.blender,3.152941366388939,3.107858992210835,3.0894077061691516,3.0893909080461333,3.089476809460225,3.09011071866705,3.107875991769847,3.1423990708554426,1000
PARA,507.cactuBSSN,507.cactuBSSN,507.cactuBSSN,507.cactuBSSN,507.cactuBSSN,507.cactuBSSN,507.cactuBSSN,507.cactuBSSN,1.4607799571640885,1.4631566903278612,1.4592714138011003,1.4595739468619335,1.4588962970994457,1.4604781184742186,1.464189383174496,1.4573828889374554,1000
PARA,tpcc64,tpcc64,tpcc64,tpcc64,tpcc64,tpcc64,tpcc64,tpcc64,1.2419796061980743,1.2411353767419273,1.2363579032596428,1.236838920728421,1.238786136258745,1.2371710924977894,1.2370945676159024,1.2392421389914154,1000
PARA,459.GemsFDTD,459.GemsFDTD,459.GemsFDTD,459.GemsFDTD,459.GemsFDTD,459.GemsFDTD,459.GemsFDTD,459.GemsFDTD,0.458909870982446,0.4559070167062385,0.45869962180032703,0.4569911381740857,0.45792178681227746,0.4592508974910664,0.4588399040584114,0.4573132891821133,1000
PARA,471.omnetpp,471.omnetpp,471.omnetpp,471.omnetpp,471.omnetpp,471.omnetpp,471.omnetpp,471.omnetpp,0.5873812969947623,0.5876600233503184,0.5872717401009652,0.5871267022006706,0.5873816144103788,0.6304732963035351,0.5878290281871779,0.5880999481037081,1000
PARA,557.xz,557.xz,557.xz,557.xz,557.xz,557.xz,557.xz,557.xz,1.4186456110906762,1.418181989395062,1.4181864141372083,1.417746568954061,1.4178274561833184,1.4207262593516465,1.417509588743613,1.417840563034696,1000
PARA,544.nab,544.nab,544.nab,544.nab,544.nab,544.nab,544.nab,544.nab,2.767436176279928,2.767409217908016,2.767366330671496,2.767434031844753,2.7674251477915726,2.767450574716461,2.7674165701391766,2.767444141353962,1000
PARA,433.milc,433.milc,433.milc,433.milc,433.milc,433.milc,433.milc,433.milc,0.2505932594943922,0.25040633435876397,0.2504692717134041,0.250131464094899,0.25023544653164165,0.2502974159044485,0.25038032771780333,0.2503149362401799,1000
PARA,481.wrf,481.wrf,481.wrf,481.wrf,481.wrf,481.wrf,481.wrf,481.wrf,3.63560320037787,3.6356349229201768,3.6356772205044052,3.6356560715892674,3.6356454972239667,3.635687795054243,3.6356666460160803,3.6355556176023716,1000
PARA,ycsb_eserver,ycsb_eserver,ycsb_eserver,ycsb_eserver,ycsb_eserver,ycsb_eserver,ycsb_eserver,ycsb_eserver,1.4953464221205042,1.4963770616409786,1.4661494247885285,1.5025623195234834,1.502701857940577,1.492948208432291,1.491901985858798,1.4559284065259603,1000
PARA,482.sphinx3,482.sphinx3,482.sphinx3,482.sphinx3,482.sphinx3,482.sphinx3,482.sphinx3,482.sphinx3,0.48833143750047125,0.48165415913568277,0.4824854407605823,0.4863548478431077,0.4883658555691191,0.4836760400568114,0.48105214493647014,0.486150363701727,1000
ABACuS,502.gcc,502.gcc,502.gcc,502.gcc,502.gcc,502.gcc,502.gcc,502.gcc,2.6878275386638615,2.688104695871598,2.6880671216811645,2.687873197754142,2.687836496970647,2.6879948665749236,2.6880911112353605,2.6879613415249493,125
ABACuS,462.libquantum,462.libquantum,462.libquantum,462.libquantum,462.libquantum,462.libquantum,462.libquantum,462.libquantum,0.29271885385628343,0.29262586107500627,0.292708870258971,0.29258965096126177,0.29270597778197716,0.291624916185541,0.29206363907812893,0.2918067197881735,125
ABACuS,wc_map0,wc_map0,wc_map0,wc_map0,wc_map0,wc_map0,wc_map0,wc_map0,2.1346049431132053,2.1133963970818224,2.1133601301762215,2.051751071055094,2.092534731682223,2.050066729672051,2.052586780700725,2.051029448598782,125
ABACuS,523.xalancbmk,523.xalancbmk,523.xalancbmk,523.xalancbmk,523.xalancbmk,523.xalancbmk,523.xalancbmk,523.xalancbmk,2.2119192008919875,2.2115984894251532,2.2115347104353567,2.211526493777782,2.211510451908007,2.211497540328206,2.211321879570526,2.2118649923615457,125
ABACuS,464.h264ref,464.h264ref,464.h264ref,464.h264ref,464.h264ref,464.h264ref,464.h264ref,464.h264ref,2.8283988897742405,2.8260702949942607,2.8284299294951616,2.8260536828114216,2.825701039473687,2.825906098531433,2.825698484408361,2.8258958768144513,125
ABACuS,ycsb_abgsave,ycsb_abgsave,ycsb_abgsave,ycsb_abgsave,ycsb_abgsave,ycsb_abgsave,ycsb_abgsave,ycsb_abgsave,1.9736952216680788,1.9833599275454818,1.9833621304292257,1.983405244996166,1.9737012986244014,1.9833616583822973,1.983483296571454,1.973838117956408,125
ABACuS,505.mcf,505.mcf,505.mcf,505.mcf,505.mcf,505.mcf,505.mcf,505.mcf,0.7023689415375907,0.7186944116823604,0.7022187669313722,0.7314331188527617,0.7023625481409826,0.7167200847702113,0.6902028602834773,0.7022992716313794,125
ABACuS,444.namd,444.namd,444.namd,444.namd,444.namd,444.namd,444.namd,444.namd,3.6548622899057235,3.65490503606441,3.654883662860081,3.654840917201333,3.654915722760315,3.654872976351656,3.6548516035222827,3.654894349430999,125
ABACuS,tpch17,tpch17,tpch17,tpch17,tpch17,tpch17,tpch17,tpch17,0.6052924056237766,0.6159588178804172,0.6149643960213279,0.6054264567050944,0.6053149167803368,0.6048658603498283,0.6081736149812915,0.605235373131481,125
ABACuS,437.leslie3d,437.leslie3d,437.leslie3d,437.leslie3d,437.leslie3d,437.leslie3d,437.leslie3d,437.leslie3d,0.19772099817721803,0.19809426973498315,0.19818637429198016,0.19801874012921133,0.19790946803961584,0.19812213186514585,0.19812256050205335,0.19816274913179352,125
ABACuS,tpch2,tpch2,tpch2,tpch2,tpch2,tpch2,tpch2,tpch2,0.6091172969382013,0.6046170736364344,0.604689024761169,0.6039454208242169,0.6041779144455073,0.6037133393263554,0.6038762137821315,0.6112107642723642,125
ABACuS,429.mcf,429.mcf,429.mcf,429.mcf,429.mcf,429.mcf,429.mcf,429.mcf,0.08203851884350287,0.0819985494653396,0.08194350269508247,0.08176770447338323,0.08160895648504349,0.08129538670630196,0.08040683051651107,0.07840861006828967,125
ABACuS,473.astar,473.astar,473.astar,473.astar,473.astar,473.astar,473.astar,473.astar,0.6380767610937749,0.6327743446957248,0.6367848498593776,0.6356814184422266,0.6368513904223563,0.632529952823386,0.6368748175672085,0.6339785789796186,125
ABACuS,ycsb_aserver,ycsb_aserver,ycsb_aserver,ycsb_aserver,ycsb_aserver,ycsb_aserver,ycsb_aserver,ycsb_aserver,1.479037541759146,1.4789956294495954,1.4790809440654185,1.4790889947732544,1.4790811190798743,1.4790926701255347,1.4791683689429314,1.4790802440080093,125
ABACuS,445.gobmk,445.gobmk,445.gobmk,445.gobmk,445.gobmk,445.gobmk,445.gobmk,445.gobmk,3.360340614877814,3.3603252579788907,3.36035145512627,3.3603320330640543,3.3602724132522153,3.360284156381173,3.360293641276019,3.360314417899454,125
ABACuS,510.parest,510.parest,510.parest,510.parest,510.parest,510.parest,510.parest,510.parest,0.4238679931293372,0.4238232112003116,0.42268733346224735,0.41992714196898495,0.4182029281531886,0.4191038884944935,0.4230399825748139,0.42245928045958026,125
ABACuS,538.imagick,538.imagick,538.imagick,538.imagick,538.imagick,538.imagick,538.imagick,538.imagick,3.924515553875514,3.9245032324563325,3.9244909111145194,3.924478589850074,3.9244662686629956,3.9244539475532836,3.9244416265209368,3.924429305565955,125
ABACuS,520.omnetpp,520.omnetpp,520.omnetpp,520.omnetpp,520.omnetpp,520.omnetpp,520.omnetpp,520.omnetpp,0.44013307300224963,0.44028582933365945,0.44014859416539026,0.44021976686418973,0.44017654741820345,0.4401188933657587,0.44006591764983116,0.44010627968109756,125
ABACuS,519.lbm,519.lbm,519.lbm,519.lbm,519.lbm,519.lbm,519.lbm,519.lbm,0.15165982027728925,0.15161818664030177,0.15162858256036216,0.1515952158393279,0.15157722284723238,0.1515680846018612,0.15159830732121649,0.15159024105201008,125
ABACuS,h264_encode,h264_encode,h264_encode,h264_encode,h264_encode,h264_encode,h264_encode,h264_encode,2.4123205896869435,2.4135660950730715,2.411337065182878,2.416584575288644,2.4088233851657526,2.4126581557737565,2.4071096390298385,2.404446340644261,125
ABACuS,435.gromacs,435.gromacs,435.gromacs,435.gromacs,435.gromacs,435.gromacs,435.gromacs,435.gromacs,3.2754564545096745,3.275405387098545,3.275413969745394,3.2754397179558166,3.2754311351740295,3.2754225524372225,3.275465037424153,3.275448300782583,125
ABACuS,ycsb_cserver,ycsb_cserver,ycsb_cserver,ycsb_cserver,ycsb_cserver,ycsb_cserver,ycsb_cserver,ycsb_cserver,1.6280868689844632,1.6281220706013644,1.6280917462260833,1.6280921703354312,1.6280906859536801,1.6280973656928757,1.628100334483445,1.6280955632181693,125
ABACuS,508.namd,508.namd,508.namd,508.namd,508.namd,508.namd,508.namd,508.namd,2.782732587746515,2.7827254636521515,2.7827133837494213,2.7827140032290614,2.782703781850271,2.7826923216057695,2.7827338267231716,2.7827415703522704,125
ABACuS,jp2_decode,jp2_decode,jp2_decode,jp2_decode,jp2_decode,jp2_decode,jp2_decode,jp2_decode,0.5450459195736782,0.5423271714481664,0.5446264162329171,0.5477100232971744,0.5402409375176996,0.5440120076071158,0.5403515985718464,0.5402902197010215,125
ABACuS,483.xalancbmk,483.xalancbmk,483.xalancbmk,483.xalancbmk,483.xalancbmk,483.xalancbmk,483.xalancbmk,483.xalancbmk,0.44665969389196264,0.4495041834005837,0.4459330681220733,0.44753812232659745,0.4475507650119492,0.44650923013164306,0.4465363940199989,0.44688049528945056,125
ABACuS,jp2_encode,jp2_encode,jp2_encode,jp2_encode,jp2_encode,jp2_encode,jp2_encode,jp2_encode,2.8184791216085805,2.8184981869164862,2.8168052403394004,2.8158699275341506,2.8158673902169333,2.811886270672847,2.804328537183714,2.78976197527646,125
ABACuS,541.leela,541.leela,541.leela,541.leela,541.leela,541.leela,541.leela,541.leela,3.477256516935074,3.4772507131145765,3.477299562541806,3.4772362036480935,3.4773111705283135,3.477248778512049,3.477298595213095,3.4772787650931285,125
ABACuS,401.bzip2,401.bzip2,401.bzip2,401.bzip2,401.bzip2,401.bzip2,401.bzip2,401.bzip2,2.351068951115728,2.351124448778873,2.3510908403193644,2.3510930513727,2.3510892925845046,2.350950225869894,2.3510957046421916,2.3509718917800617,125
ABACuS,ycsb_bserver,ycsb_bserver,ycsb_bserver,ycsb_bserver,ycsb_bserver,ycsb_bserver,ycsb_bserver,ycsb_bserver,1.5970953817942752,1.5970889540217255,1.5970867094149284,1.5971098699792854,1.5971514994665195,1.5971188487047399,1.5971157877642659,1.5971554788693774,125
ABACuS,531.deepsjeng,531.deepsjeng,531.deepsjeng,531.deepsjeng,531.deepsjeng,531.deepsjeng,531.deepsjeng,531.deepsjeng,3.2471471214820085,3.247121816164588,3.2471062114154488,3.2471542913936515,3.2470534937776065,3.24712055090907,3.2471391080888186,3.2471348905293413,125
ABACuS,450.soplex,450.soplex,450.soplex,450.soplex,450.soplex,450.soplex,450.soplex,450.soplex,0.27313166252795723,0.2699159800139093,0.28080637121351,0.2715219011085957,0.2608461498523986,0.25744449146639475,0.2569097178865139,0.25882718734027776,125
ABACuS,grep_map0,grep_map0,grep_map0,grep_map0,grep_map0,grep_map0,grep_map0,grep_map0,0.07265964081654044,0.07275372672307445,0.07269500566119626,0.0717261311774654,0.06982354907670478,0.0649781378456093,0.05294667699496789,0.047145020334194154,125
ABACuS,511.povray,511.povray,511.povray,511.povray,511.povray,511.povray,511.povray,511.povray,3.0600013635366077,3.07616548835173,3.0604164149474165,3.0604879739961355,3.0602264812414237,3.0603538503535934,3.060406299540327,3.0602969075577335,125
ABACuS,456.hmmer,456.hmmer,456.hmmer,456.hmmer,456.hmmer,456.hmmer,456.hmmer,456.hmmer,2.9106946489207437,2.91202063481118,2.9106783824964375,2.9120107982019614,2.9119904468076605,2.911999265710265,2.911936177813539,2.910699393328747,125
ABACuS,436.cactusADM,436.cactusADM,436.cactusADM,436.cactusADM,436.cactusADM,436.cactusADM,436.cactusADM,436.cactusADM,0.947936700123903,0.9491121738973956,0.9446729608336701,0.9494507484387327,0.9478995002067179,0.9494603760941677,0.9432530299268153,0.9491029856843759,125
ABACuS,tpch6,tpch6,tpch6,tpch6,tpch6,tpch6,tpch6,tpch6,2.654046428189625,2.654067842008225,2.654068969060881,2.6540036015890474,2.654039384245877,2.654064179093703,2.6540802396400895,2.654033749117799,125
ABACuS,gups,gups,gups,gups,gups,gups,gups,gups,0.07123869202239407,0.07127119749737747,0.07124124339325451,0.07123890720097663,0.071233681165024,0.07123175118040415,0.07125082240905511,0.0712504260241098,125
ABACuS,wc_8443,wc_8443,wc_8443,wc_8443,wc_8443,wc_8443,wc_8443,wc_8443,0.7176821759411633,0.7118275297702645,0.6666826848293075,0.6601552125248238,0.6572435295754725,0.6386267460917384,0.5946072028385692,0.16773814776170182,125
ABACuS,447.dealII,447.dealII,447.dealII,447.dealII,447.dealII,447.dealII,447.dealII,447.dealII,3.5793061128535175,3.579275365680247,3.5793158495685136,3.5793260987994224,3.579264604294402,3.5792958637370655,3.579336348089028,3.579285614679309,125
ABACuS,458.sjeng,458.sjeng,458.sjeng,458.sjeng,458.sjeng,458.sjeng,458.sjeng,458.sjeng,3.3970552965867067,3.397028985625404,3.3970483726100067,3.3970857624195077,3.397077453501823,3.3970959178185427,3.397043295045032,3.3970714526421064,125
ABACuS,ycsb_dserver,ycsb_dserver,ycsb_dserver,ycsb_dserver,ycsb_dserver,ycsb_dserver,ycsb_dserver,ycsb_dserver,1.8543509675187435,1.854322221121991,1.8543220835815653,1.8543319865443737,1.8543301985015974,1.85431960785739,1.854308467180409,1.854334599843865,125
ABACuS,525.x264,525.x264,525.x264,525.x264,525.x264,525.x264,525.x264,525.x264,3.3071035923743484,3.3070550330996524,3.307114966825007,3.30707253177303,3.307080843707756,3.3071215290436706,3.3070707818973593,3.3071031548970393,125
ABACuS,403.gcc,403.gcc,403.gcc,403.gcc,403.gcc,403.gcc,403.gcc,403.gcc,3.6807662589751806,3.6809965900719988,3.6807879359672464,3.6819892403437624,3.6805928522297915,3.6838730059932194,3.6837107049369826,3.6837318738289415,125
ABACuS,h264_decode,h264_decode,h264_decode,h264_decode,h264_decode,h264_decode,h264_decode,h264_decode,0.034594211196488686,0.034607346835465375,0.034636793697500105,0.034400207280788186,0.03340979704398241,0.031568279323671435,0.022230548362883865,0.005937763372166366,125
ABACuS,470.lbm,470.lbm,470.lbm,470.lbm,470.lbm,470.lbm,470.lbm,470.lbm,0.1547095234324746,0.15461162792865113,0.1546458585096791,0.1545510636250564,0.1541909266558909,0.15452723572817048,0.15409910776863162,0.1537184861500966,125
ABACuS,434.zeusmp,434.zeusmp,434.zeusmp,434.zeusmp,434.zeusmp,434.zeusmp,434.zeusmp,434.zeusmp,0.161503870291668,0.16145940703839015,0.1617169684601779,0.1617257613676876,0.1616019537029795,0.16153104865498039,0.16136946337094885,0.16175786752092766,125
ABACuS,500.perlbench,500.perlbench,500.perlbench,500.perlbench,500.perlbench,500.perlbench,500.perlbench,500.perlbench,1.9519869001378336,1.9519619051991441,1.9519890338817667,1.9519739453640932,1.9519841567596314,1.9519934537947534,1.9519774507564889,1.9519814133891402,125
ABACuS,bfs_dblp,bfs_dblp,bfs_dblp,bfs_dblp,bfs_dblp,bfs_dblp,bfs_dblp,bfs_dblp,0.032754677668003836,0.03280426040424483,0.032848964878332186,0.03231176554476421,0.03119306404104116,0.027850257484932434,0.009888124059676236,0.0026141641461358677,125
ABACuS,549.fotonik3d,549.fotonik3d,549.fotonik3d,549.fotonik3d,549.fotonik3d,549.fotonik3d,549.fotonik3d,549.fotonik3d,0.21917720788489128,0.2191967863436404,0.21917754799905015,0.2190934220924605,0.2192038437481683,0.2191730228377501,0.21913976911539113,0.21918246343905,125
ABACuS,526.blender,526.blender,526.blender,526.blender,526.blender,526.blender,526.blender,526.blender,3.154110070366934,3.154122008504522,3.1405819975809983,3.1790752756703333,3.161704624195362,3.1618213861804376,3.1405551697558005,3.1405425450554794,125
ABACuS,507.cactuBSSN,507.cactuBSSN,507.cactuBSSN,507.cactuBSSN,507.cactuBSSN,507.cactuBSSN,507.cactuBSSN,507.cactuBSSN,1.3777086302754669,1.376564885845053,1.376681168626097,1.377109401096223,1.3781011133734018,1.3771863246059015,1.3781296014024729,1.3768145314072322,125
ABACuS,tpcc64,tpcc64,tpcc64,tpcc64,tpcc64,tpcc64,tpcc64,tpcc64,1.2591787837441026,1.256018148155982,1.257077535084154,1.2560786039922298,1.2640614192274866,1.2562523049089165,1.252689524408906,1.2576984982778083,125
ABACuS,459.GemsFDTD,459.GemsFDTD,459.GemsFDTD,459.GemsFDTD,459.GemsFDTD,459.GemsFDTD,459.GemsFDTD,459.GemsFDTD,0.45382444302443786,0.45518329047630923,0.45573635994291045,0.45564973410286375,0.4542155289021883,0.4535662380241958,0.4523791506194211,0.4553733730146905,125
ABACuS,471.omnetpp,471.omnetpp,471.omnetpp,471.omnetpp,471.omnetpp,471.omnetpp,471.omnetpp,471.omnetpp,0.6505772493864536,0.5988290879265301,0.584878326475011,0.5851284410759978,0.585654432165978,0.5855258798808647,0.5856867162691775,0.5852565722674348,125
ABACuS,557.xz,557.xz,557.xz,557.xz,557.xz,557.xz,557.xz,557.xz,1.403825356713427,1.401386453279233,1.4035680271245696,1.401381111535138,1.402253533608792,1.4019385220797747,1.4090807022226952,1.4022337134340215,125
ABACuS,544.nab,544.nab,544.nab,544.nab,544.nab,544.nab,544.nab,544.nab,2.781351195986577,2.781388328871801,2.781403801199942,2.781367905662231,2.781387091092986,2.781408133482669,2.781393589444055,2.7813963744609516,125
ABACuS,433.milc,433.milc,433.milc,433.milc,433.milc,433.milc,433.milc,433.milc,0.2568013714836766,0.2568264997280721,0.2567985015047314,0.2568284495160689,0.2566025135406837,0.25691996717960464,0.2565437249276611,0.25668294057044516,125
ABACuS,481.wrf,481.wrf,481.wrf,481.wrf,481.wrf,481.wrf,481.wrf,481.wrf,3.6380887519027203,3.6381311066030624,3.6381522843230565,3.6380993404853514,3.6381099291296186,3.6381416954322403,3.6380781633817247,3.638120517835522,125
ABACuS,ycsb_eserver,ycsb_eserver,ycsb_eserver,ycsb_eserver,ycsb_eserver,ycsb_eserver,ycsb_eserver,ycsb_eserver,1.6115807937989466,1.6115888970807744,1.6115920137493296,1.611567288510318,1.6115851570944202,1.6115789238224048,1.6115812093498785,1.5845140498226993,125
ABACuS,482.sphinx3,482.sphinx3,482.sphinx3,482.sphinx3,482.sphinx3,482.sphinx3,482.sphinx3,482.sphinx3,0.4890357500195565,0.49129888065214306,0.4883155751514643,0.49126276401369773,0.4831441350563335,0.48727563490845766,0.4844857395110872,0.4853431607169613,125
ABACuS,502.gcc,502.gcc,502.gcc,502.gcc,502.gcc,502.gcc,502.gcc,502.gcc,2.70123323182459,2.701245490270654,2.701281098768778,2.7012735099937397,2.7012866444390395,2.7012702993709823,2.701148885057579,2.7012221409454495,250
ABACuS,462.libquantum,462.libquantum,462.libquantum,462.libquantum,462.libquantum,462.libquantum,462.libquantum,462.libquantum,0.29386712360731815,0.293968774354578,0.2937387724229017,0.293855282691074,0.2939294837772911,0.29267040910172193,0.29301533714942446,0.29322014847941136,250
ABACuS,wc_map0,wc_map0,wc_map0,wc_map0,wc_map0,wc_map0,wc_map0,wc_map0,2.1902985718640027,2.0843682221556334,2.1164857903800303,2.118538679474165,2.0850947170956,2.1313966837854763,2.0843193900981323,2.0843916832104834,250
ABACuS,523.xalancbmk,523.xalancbmk,523.xalancbmk,523.xalancbmk,523.xalancbmk,523.xalancbmk,523.xalancbmk,523.xalancbmk,2.2157166810939364,2.215504222618118,2.2153465741348892,2.2153925117251863,2.2153510892837,2.215272371282485,2.215255097257674,2.215305153411211,250
ABACuS,464.h264ref,464.h264ref,464.h264ref,464.h264ref,464.h264ref,464.h264ref,464.h264ref,464.h264ref,2.827424525012472,2.827356095208615,2.827467695050597,2.827500952867821,2.8274485082042378,2.8275546786868655,2.8275361302566724,2.827572907553635,250
ABACuS,ycsb_abgsave,ycsb_abgsave,ycsb_abgsave,ycsb_abgsave,ycsb_abgsave,ycsb_abgsave,ycsb_abgsave,ycsb_abgsave,2.0194510292011003,2.0194485822945896,2.019502578743233,2.012463913503335,2.012505386470667,2.0195112249684612,2.0126247928002776,2.019560982986572,250
ABACuS,505.mcf,505.mcf,505.mcf,505.mcf,505.mcf,505.mcf,505.mcf,505.mcf,0.741039857362277,0.7292753226124415,0.7694060044075269,0.7265052418515608,0.7564061702653346,0.7391550942820411,0.7267817082649384,0.7263076624732083,250
ABACuS,bfs_ny,bfs_ny,bfs_ny,bfs_ny,bfs_ny,bfs_ny,bfs_ny,bfs_ny,0.034351591121112364,0.03440714258918986,0.034448405435398385,0.03389377512999727,0.03276258537597209,0.029269752378328073,0.009487500750010654,0.0027545608293030152,250
ABACuS,444.namd,444.namd,444.namd,444.namd,444.namd,444.namd,444.namd,444.namd,3.6559579757867366,3.6559045124536924,3.6558617429130753,3.655813628376016,3.6559152049952086,3.6559258975992703,3.6558243203859146,3.6567440672618576,250
ABACuS,tpch17,tpch17,tpch17,tpch17,tpch17,tpch17,tpch17,tpch17,0.6243871172154193,0.622440772519708,0.6255414217390507,0.6405895309580393,0.6225105956905982,0.6225228105430762,0.6224105387548279,0.6235729377426525,250
ABACuS,437.leslie3d,437.leslie3d,437.leslie3d,437.leslie3d,437.leslie3d,437.leslie3d,437.leslie3d,437.leslie3d,0.20550576242267948,0.20560544425452076,0.205490173011958,0.20525757929621644,0.20492751992321742,0.20549074222286173,0.20549054122517948,0.205433559886011,250
ABACuS,tpch2,tpch2,tpch2,tpch2,tpch2,tpch2,tpch2,tpch2,0.6326432477657191,0.6382004422167448,0.6299047851044551,0.6355777133200284,0.6300560422248438,0.6305844718472914,0.6317029366909338,0.6311642658019548,250
ABACuS,429.mcf,429.mcf,429.mcf,429.mcf,429.mcf,429.mcf,429.mcf,429.mcf,0.08843049788747323,0.08829191031834675,0.08828647378650109,0.08804924130575024,0.08786504477400592,0.08746736583833835,0.08649862988419228,0.08418663560193283,250
ABACuS,473.astar,473.astar,473.astar,473.astar,473.astar,473.astar,473.astar,473.astar,0.673583198571788,0.6753522184685545,0.6738343050608002,0.6739286159174877,0.6761407691544797,0.6670425940848904,0.6728598300286092,0.6684480003739031,250
ABACuS,ycsb_aserver,ycsb_aserver,ycsb_aserver,ycsb_aserver,ycsb_aserver,ycsb_aserver,ycsb_aserver,ycsb_aserver,1.4917064997053282,1.491833435245448,1.491841536353314,1.4918599644758306,1.4918492814507935,1.4919775768899597,1.4754413089218223,1.4919219290383448,250
ABACuS,445.gobmk,445.gobmk,445.gobmk,445.gobmk,445.gobmk,445.gobmk,445.gobmk,445.gobmk,3.3628854741103553,3.362831191792755,3.3628759745782717,3.362894521333665,3.362818526170799,3.3628592374380393,3.362838429333851,3.3628691892310707,250
ABACuS,510.parest,510.parest,510.parest,510.parest,510.parest,510.parest,510.parest,510.parest,0.43893625869484443,0.44044531840540824,0.4396475883412916,0.4378784397256212,0.44052439601197846,0.43674087884144175,0.437249517241553,0.43724684828536536,250
ABACuS,538.imagick,538.imagick,538.imagick,538.imagick,538.imagick,538.imagick,538.imagick,538.imagick,3.924515553875514,3.9245032324563325,3.9244909111145194,3.924478589850074,3.9244662686629956,3.9244539475532836,3.9244416265209368,3.924429305565955,250
ABACuS,520.omnetpp,520.omnetpp,520.omnetpp,520.omnetpp,520.omnetpp,520.omnetpp,520.omnetpp,520.omnetpp,0.4773793508186951,0.47744941480744046,0.47737809286344385,0.477427021269412,0.47727410659489533,0.4774106377516739,0.47728717301986484,0.4774734792608153,250
ABACuS,519.lbm,519.lbm,519.lbm,519.lbm,519.lbm,519.lbm,519.lbm,519.lbm,0.15894343053900292,0.15889170064348532,0.15884314511994244,0.15889363859402925,0.15887467920819148,0.15885660859059683,0.15882419778135937,0.15887760925650948,250
ABACuS,h264_encode,h264_encode,h264_encode,h264_encode,h264_encode,h264_encode,h264_encode,h264_encode,2.4343900241423326,2.4449442562489354,2.4366355365359365,2.436749298459877,2.4343897870921642,2.430997119171174,2.4304651219991413,2.427883602210112,250
ABACuS,bfs_cm2003,bfs_cm2003,bfs_cm2003,bfs_cm2003,bfs_cm2003,bfs_cm2003,bfs_cm2003,bfs_cm2003,0.03436215196990211,0.03441794943201703,0.034464080182573936,0.03392363180127549,0.032777659183836495,0.029278447705421994,0.009537409950331276,0.0027497791748586943,250
ABACuS,435.gromacs,435.gromacs,435.gromacs,435.gromacs,435.gromacs,435.gromacs,435.gromacs,435.gromacs,3.2754564545096745,3.275405387098545,3.275413969745394,3.2754397179558166,3.2754311351740295,3.2754225524372225,3.275465037424153,3.275448300782583,250
ABACuS,ycsb_cserver,ycsb_cserver,ycsb_cserver,ycsb_cserver,ycsb_cserver,ycsb_cserver,ycsb_cserver,ycsb_cserver,1.6313948229969244,1.6314097272478705,1.6314022750883568,1.6314185634680878,1.6313982296588458,1.6314025944652253,1.6314033396784047,1.6313933325868077,250
ABACuS,508.namd,508.namd,508.namd,508.namd,508.namd,508.namd,508.namd,508.namd,2.782813433286055,2.782802281897871,2.7828487466049245,2.782789581814626,2.7827908208420347,2.7828481270652907,2.782842860989541,2.782835116796703,250
ABACuS,jp2_decode,jp2_decode,jp2_decode,jp2_decode,jp2_decode,jp2_decode,jp2_decode,jp2_decode,0.5600824656461098,0.5597472163658981,0.561427185633788,0.558366833295986,0.5573810652479639,0.5577324970379942,0.5573239195824387,0.5569561145315642,250
ABACuS,483.xalancbmk,483.xalancbmk,483.xalancbmk,483.xalancbmk,483.xalancbmk,483.xalancbmk,483.xalancbmk,483.xalancbmk,0.47757210593787175,0.47659091241404755,0.47670581787988137,0.4798673938282834,0.48067982432190687,0.4768239345168917,0.4770723057274744,0.47701535840625275,250
ABACuS,jp2_encode,jp2_encode,jp2_encode,jp2_encode,jp2_encode,jp2_encode,jp2_encode,jp2_encode,2.8321532317247384,2.832145531497423,2.8321474565503264,2.8319985935162184,2.8278617225388043,2.8279116234633412,2.820910756990273,2.803502404339732,250
ABACuS,541.leela,541.leela,541.leela,541.leela,541.leela,541.leela,541.leela,541.leela,3.4772966605572884,3.4772308835407224,3.4772129887535805,3.477252164067884,3.4772768304593873,3.477275379485494,3.47726619001229,3.477296176893673,250
ABACuS,401.bzip2,401.bzip2,401.bzip2,401.bzip2,401.bzip2,401.bzip2,401.bzip2,401.bzip2,2.395627998068549,2.395656464012976,2.395747605498183,2.3957657427923147,2.3956548570464835,2.395787553826159,2.3956647284461328,2.395630752807799,250
ABACuS,ycsb_bserver,ycsb_bserver,ycsb_bserver,ycsb_bserver,ycsb_bserver,ycsb_bserver,ycsb_bserver,ycsb_bserver,1.599147053341277,1.5991474625047895,1.5991751838203898,1.5991415296543525,1.599170580583357,1.5993537075641882,1.5993772408874523,1.599369669220924,250
ABACuS,531.deepsjeng,531.deepsjeng,531.deepsjeng,531.deepsjeng,531.deepsjeng,531.deepsjeng,531.deepsjeng,531.deepsjeng,3.2471471214820085,3.247121816164588,3.2471062114154488,3.2471542913936515,3.2470534937776065,3.24712055090907,3.2471391080888186,3.2471348905293413,250
ABACuS,450.soplex,450.soplex,450.soplex,450.soplex,450.soplex,450.soplex,450.soplex,450.soplex,0.27011856584329125,0.2763930119355789,0.2902435209316139,0.27643748292791215,0.2826763260860928,0.2764123468530482,0.2726567835126406,0.2697328196081173,250
ABACuS,grep_map0,grep_map0,grep_map0,grep_map0,grep_map0,grep_map0,grep_map0,grep_map0,0.07576948695052889,0.07583929374566692,0.07581586552218474,0.0750627066344954,0.07318321233664984,0.06819222865541646,0.05526665940993322,0.049177463063958246,250
ABACuS,511.povray,511.povray,511.povray,511.povray,511.povray,511.povray,511.povray,511.povray,3.0646554027913373,3.0650292544782225,3.064129910283502,3.065071341987542,3.065166043109721,3.0641588283441066,3.064995810763726,3.063557294893614,250
ABACuS,456.hmmer,456.hmmer,456.hmmer,456.hmmer,456.hmmer,456.hmmer,456.hmmer,456.hmmer,2.9300862664278218,2.9334848732505723,2.9234917530636437,2.9234445754667338,2.93347007215163,2.930104467600604,2.9301158005205292,2.9234688478083046,250
ABACuS,436.cactusADM,436.cactusADM,436.cactusADM,436.cactusADM,436.cactusADM,436.cactusADM,436.cactusADM,436.cactusADM,1.0035161600622726,0.9987379148717349,1.000905819766889,1.0008999692163205,1.003496905737361,1.0035022227574235,1.0001370987935025,1.000137818991457,250
ABACuS,tpch6,tpch6,tpch6,tpch6,tpch6,tpch6,tpch6,tpch6,2.6618999491896536,2.662041670961427,2.661770712089677,2.661926875165106,2.661564695557987,2.6615468441826144,2.6619087355007163,2.6615731962970917,250
ABACuS,gups,gups,gups,gups,gups,gups,gups,gups,0.0665560591929464,0.06657295573372976,0.06653242392877588,0.06655119732232483,0.06654498180312833,0.0665580345474164,0.06653463551337961,0.06653843840151101,250
ABACuS,wc_8443,wc_8443,wc_8443,wc_8443,wc_8443,wc_8443,wc_8443,wc_8443,0.7899031670345983,0.701433469077544,0.7025441343142985,0.6862592587011017,0.6814154219410151,0.6619511736341352,0.6183667489655096,0.09535031547624448,250
ABACuS,447.dealII,447.dealII,447.dealII,447.dealII,447.dealII,447.dealII,447.dealII,447.dealII,3.5793061128535175,3.579275365680247,3.5793158495685136,3.5793260987994224,3.579264604294402,3.5792958637370655,3.579336348089028,3.579285614679309,250
ABACuS,458.sjeng,458.sjeng,458.sjeng,458.sjeng,458.sjeng,458.sjeng,458.sjeng,458.sjeng,3.3970552965867067,3.397028985625404,3.3970483726100067,3.3970857624195077,3.397077453501823,3.3970959178185427,3.397043295045032,3.3970714526421064,250
ABACuS,ycsb_dserver,ycsb_dserver,ycsb_dserver,ycsb_dserver,ycsb_dserver,ycsb_dserver,ycsb_dserver,ycsb_dserver,1.8583001533840946,1.8583142428711164,1.8583163148725217,1.858326674948857,1.8583370351407074,1.8583366207308154,1.8583243266547635,1.858331924098291,250
ABACuS,525.x264,525.x264,525.x264,525.x264,525.x264,525.x264,525.x264,525.x264,3.3155645597447494,3.3155350988513526,3.315579070526478,3.3155619214344445,3.3156010568014183,3.3155720349800806,3.3155918225304277,3.315541254815658,250
ABACuS,403.gcc,403.gcc,403.gcc,403.gcc,403.gcc,403.gcc,403.gcc,403.gcc,3.6838795200464935,3.6842285984265986,3.6839609476562196,3.684072237877892,3.6840391215482398,3.6838578066251677,3.6840602942149494,3.683685736813031,250
ABACuS,h264_decode,h264_decode,h264_decode,h264_decode,h264_decode,h264_decode,h264_decode,h264_decode,0.03616484648753196,0.03618712210883042,0.03621808942754782,0.036019912303155176,0.03500363957343193,0.03313327014209065,0.02325607057070615,0.005805061991021685,250
ABACuS,470.lbm,470.lbm,470.lbm,470.lbm,470.lbm,470.lbm,470.lbm,470.lbm,0.16166946982127,0.1617894576708009,0.16158257437674983,0.16163613004570618,0.161576939222188,0.16137091746344256,0.16144518809614,0.16100625871901217,250
ABACuS,434.zeusmp,434.zeusmp,434.zeusmp,434.zeusmp,434.zeusmp,434.zeusmp,434.zeusmp,434.zeusmp,0.1686816840866266,0.16881272886870122,0.16859230095338812,0.1691601870646426,0.1688305669173087,0.16874752274417923,0.168925518428024,0.16887600729725386,250
ABACuS,500.perlbench,500.perlbench,500.perlbench,500.perlbench,500.perlbench,500.perlbench,500.perlbench,500.perlbench,1.9531674203549108,1.9531860370636582,1.9531806961682892,1.9531748975149599,1.9531790176072057,1.9531851214795206,1.9531907675953777,1.9531945825570036,250
ABACuS,bfs_dblp,bfs_dblp,bfs_dblp,bfs_dblp,bfs_dblp,bfs_dblp,bfs_dblp,bfs_dblp,0.03434499544351127,0.034397881870895895,0.034439159879341937,0.03387597615420715,0.03276279649108772,0.029256388466822252,0.009579456025516311,0.002742099696775753,250
ABACuS,549.fotonik3d,549.fotonik3d,549.fotonik3d,549.fotonik3d,549.fotonik3d,549.fotonik3d,549.fotonik3d,549.fotonik3d,0.22896747793568636,0.22899764369668552,0.22898607603451512,0.22904172059072242,0.2290576401928504,0.2290757932539653,0.22901109217973106,0.22896985600855094,250
ABACuS,526.blender,526.blender,526.blender,526.blender,526.blender,526.blender,526.blender,526.blender,3.132144813838467,3.167252735112772,3.1321750299498574,3.1672459137143396,3.132134218716682,3.196607606570742,3.2074564895697364,3.132157371112664,250
ABACuS,507.cactuBSSN,507.cactuBSSN,507.cactuBSSN,507.cactuBSSN,507.cactuBSSN,507.cactuBSSN,507.cactuBSSN,507.cactuBSSN,1.451901325765946,1.4481987419903024,1.4551588436842178,1.4519758690903202,1.4484802516230366,1.4487299679761139,1.4470965801519011,1.4486834596508047,250
ABACuS,tpcc64,tpcc64,tpcc64,tpcc64,tpcc64,tpcc64,tpcc64,tpcc64,1.31119979134091,1.3135367581439936,1.3129851447285144,1.3134197878774505,1.3099250770013258,1.3101711838224674,1.3138191598347195,1.3160845536946706,250
ABACuS,459.GemsFDTD,459.GemsFDTD,459.GemsFDTD,459.GemsFDTD,459.GemsFDTD,459.GemsFDTD,459.GemsFDTD,459.GemsFDTD,0.47752291064195906,0.47757164066508767,0.4752839151242547,0.4756210445570356,0.47610953756908947,0.476974422265685,0.47728802044869884,0.4774381448327328,250
ABACuS,471.omnetpp,471.omnetpp,471.omnetpp,471.omnetpp,471.omnetpp,471.omnetpp,471.omnetpp,471.omnetpp,0.6889811682706424,0.6289491085577231,0.6480132845833804,0.6293734056555544,0.6300010745298327,0.629213306683549,0.6289639509563095,0.6285355122564424,250
ABACuS,557.xz,557.xz,557.xz,557.xz,557.xz,557.xz,557.xz,557.xz,1.5080400552328719,1.501132664640778,1.5009981036990356,1.502840699547098,1.5010130637369774,1.501021445093386,1.5010115316711932,1.5045816919851656,250
ABACuS,544.nab,544.nab,544.nab,544.nab,544.nab,544.nab,544.nab,544.nab,2.7809059880247515,2.780879385252129,2.780918980261482,2.7809443464068866,2.7809882742410403,2.781337890277333,2.7809400155688144,2.780946202484475,250
ABACuS,433.milc,433.milc,433.milc,433.milc,433.milc,433.milc,433.milc,433.milc,0.26758384991465894,0.2672351235204033,0.26717466330942824,0.26735551706824356,0.2671560166986616,0.26693171348634687,0.26709878263853637,0.26713800353536843,250
ABACuS,481.wrf,481.wrf,481.wrf,481.wrf,481.wrf,481.wrf,481.wrf,481.wrf,3.638692399499316,3.6387347682562603,3.638777137999895,3.6387453605996654,3.6387559530047393,3.6387241759745232,3.638644735827115,3.638766545471482,250
ABACuS,ycsb_eserver,ycsb_eserver,ycsb_eserver,ycsb_eserver,ycsb_eserver,ycsb_eserver,ycsb_eserver,ycsb_eserver,1.6236042442573606,1.6236186901631569,1.6236368269927934,1.6235899040503827,1.6236376705761264,1.6173621366984128,1.6148549081932377,1.6236199555102153,250
ABACuS,482.sphinx3,482.sphinx3,482.sphinx3,482.sphinx3,482.sphinx3,482.sphinx3,482.sphinx3,482.sphinx3,0.5077287279331956,0.5099070763700678,0.5079177159484801,0.509787647547584,0.5027145782884249,0.505484414914629,0.5052950372245801,0.5051646110205216,250
ABACuS,502.gcc,502.gcc,502.gcc,502.gcc,502.gcc,502.gcc,502.gcc,502.gcc,2.7042700098943833,2.703978103401637,2.70412346378746,2.7042741052233055,2.703990386773377,2.704309501083022,2.704264744489709,2.7040193408768984,500
ABACuS,462.libquantum,462.libquantum,462.libquantum,462.libquantum,462.libquantum,462.libquantum,462.libquantum,462.libquantum,0.294526064620126,0.29455094536067006,0.2943951612551851,0.29447002721515547,0.294347431978781,0.2933586350853501,0.2936374151572862,0.2938136881568462,500
ABACuS,wc_map0,wc_map0,wc_map0,wc_map0,wc_map0,wc_map0,wc_map0,wc_map0,2.198307180365916,2.1715803884748843,2.2170496974747005,2.1715428516631237,2.143368918115677,2.1417717541256307,2.1390749527585298,2.1390065033498127,500
ABACuS,523.xalancbmk,523.xalancbmk,523.xalancbmk,523.xalancbmk,523.xalancbmk,523.xalancbmk,523.xalancbmk,523.xalancbmk,2.2238593780772655,2.2236884729860096,2.2235007845844867,2.2235553671957096,2.223361966974537,2.223267058928049,2.223343775637933,2.223267058928049,500
ABACuS,464.h264ref,464.h264ref,464.h264ref,464.h264ref,464.h264ref,464.h264ref,464.h264ref,464.h264ref,2.827424525012472,2.827356095208615,2.827467695050597,2.827500952867821,2.8274485082042378,2.8275546786868655,2.8275361302566724,2.827572907553635,500
ABACuS,ycsb_abgsave,ycsb_abgsave,ycsb_abgsave,ycsb_abgsave,ycsb_abgsave,ycsb_abgsave,ycsb_abgsave,ycsb_abgsave,2.032661289437389,2.032683766198762,2.0326632726610447,2.025755783147867,2.025817996945715,2.0327118628495158,2.0259985863392265,2.032739794995752,500
ABACuS,505.mcf,505.mcf,505.mcf,505.mcf,505.mcf,505.mcf,505.mcf,505.mcf,0.7834277086911182,0.7671142420282255,0.7665561486894481,0.7669042413301629,0.7670310892734292,0.7666510004090237,0.7529659857253913,0.751518382770918,500
ABACuS,bfs_ny,bfs_ny,bfs_ny,bfs_ny,bfs_ny,bfs_ny,bfs_ny,bfs_ny,0.03517326888292346,0.03523159181775818,0.0352787222616901,0.03473202929308242,0.03359067503297875,0.0300374921368604,0.009469526331702026,0.0028007194137155823,500
ABACuS,444.namd,444.namd,444.namd,444.namd,444.namd,444.namd,444.namd,444.namd,3.6559579757867366,3.6559045124536924,3.6558617429130753,3.655813628376016,3.6559152049952086,3.6559258975992703,3.6558243203859146,3.6567440672618576,500
ABACuS,tpch17,tpch17,tpch17,tpch17,tpch17,tpch17,tpch17,tpch17,0.6463793860202515,0.6355073191377945,0.634863573785711,0.6425111597763341,0.6452358046509887,0.6347741411397959,0.6347104027156262,0.6352966498647644,500
ABACuS,437.leslie3d,437.leslie3d,437.leslie3d,437.leslie3d,437.leslie3d,437.leslie3d,437.leslie3d,437.leslie3d,0.21024347767335788,0.210454268653612,0.21042336516132626,0.21036102074235394,0.21028563922695903,0.21028772289636447,0.21047806978476175,0.21033792032100057,500
ABACuS,tpch2,tpch2,tpch2,tpch2,tpch2,tpch2,tpch2,tpch2,0.6438691322081214,0.6465447459136044,0.6429779363664283,0.6429896611892006,0.6513446776385764,0.6429057281614567,0.6432129443672003,0.6445080668434269,500
ABACuS,429.mcf,429.mcf,429.mcf,429.mcf,429.mcf,429.mcf,429.mcf,429.mcf,0.09221815375810906,0.09211557413892692,0.09208528588517917,0.09184248913189252,0.09160191348775996,0.09123009045138689,0.0902096983977657,0.0877694962381994,500
ABACuS,473.astar,473.astar,473.astar,473.astar,473.astar,473.astar,473.astar,473.astar,0.6945568854869061,0.6937534082370563,0.6947118120043144,0.6894989557262516,0.69343009105486,0.6926648153675613,0.6882553843732881,0.6928397313987844,500
ABACuS,ycsb_aserver,ycsb_aserver,ycsb_aserver,ycsb_aserver,ycsb_aserver,ycsb_aserver,ycsb_aserver,ycsb_aserver,1.491771834094684,1.4916743686786569,1.4918943292440112,1.4918145626760528,1.4918973562683708,1.4917756617636178,1.477016297102419,1.4917702318204973,500
ABACuS,445.gobmk,445.gobmk,445.gobmk,445.gobmk,445.gobmk,445.gobmk,445.gobmk,445.gobmk,3.3628854741103553,3.362831191792755,3.3628759745782717,3.362894521333665,3.362818526170799,3.3628592374380393,3.362838429333851,3.3628691892310707,500
ABACuS,510.parest,510.parest,510.parest,510.parest,510.parest,510.parest,510.parest,510.parest,0.450079220243872,0.45067217303936646,0.45071981035441144,0.44350350740313793,0.4465552416073738,0.4454604903272709,0.45028111229953305,0.4460828253758462,500
ABACuS,538.imagick,538.imagick,538.imagick,538.imagick,538.imagick,538.imagick,538.imagick,538.imagick,3.924515553875514,3.9245032324563325,3.9244909111145194,3.924478589850074,3.9244662686629956,3.9244539475532836,3.9244416265209368,3.924429305565955,500
ABACuS,520.omnetpp,520.omnetpp,520.omnetpp,520.omnetpp,520.omnetpp,520.omnetpp,520.omnetpp,520.omnetpp,0.48883553411979147,0.4886347084973419,0.48865152760383684,0.4885309923866158,0.48867596082734405,0.48852719290867996,0.48855093584179093,0.48862536823296376,500
ABACuS,519.lbm,519.lbm,519.lbm,519.lbm,519.lbm,519.lbm,519.lbm,519.lbm,0.16287483836138167,0.16288644687355916,0.16289240723891513,0.1628896042421144,0.16295798837462924,0.1629139800630824,0.16286576621789287,0.16283946165534519,500
ABACuS,h264_encode,h264_encode,h264_encode,h264_encode,h264_encode,h264_encode,h264_encode,h264_encode,2.4267368155388813,2.4269462482857267,2.425536278794633,2.425692311991381,2.4263060490042,2.4226886145457835,2.4218688166661773,2.419774552508672,500
ABACuS,bfs_cm2003,bfs_cm2003,bfs_cm2003,bfs_cm2003,bfs_cm2003,bfs_cm2003,bfs_cm2003,bfs_cm2003,0.03516653839390455,0.03522315001126493,0.03526995537076695,0.0347383999433236,0.03359043844568749,0.030013508287723686,0.009475073104642287,0.0027954679874776112,500
ABACuS,435.gromacs,435.gromacs,435.gromacs,435.gromacs,435.gromacs,435.gromacs,435.gromacs,435.gromacs,3.2754564545096745,3.275405387098545,3.275413969745394,3.2754397179558166,3.2754311351740295,3.2754225524372225,3.275465037424153,3.275448300782583,500
ABACuS,ycsb_cserver,ycsb_cserver,ycsb_cserver,ycsb_cserver,ycsb_cserver,ycsb_cserver,ycsb_cserver,ycsb_cserver,1.6314960708027528,1.6315114027963453,1.6315009684916049,1.6315303552422409,1.6314987325865247,1.6314974549292303,1.6315069309351138,1.6315155552608676,500
ABACuS,508.namd,508.namd,508.namd,508.namd,508.namd,508.namd,508.namd,508.namd,2.782813433286055,2.782802281897871,2.7828487466049245,2.782789581814626,2.7827908208420347,2.7828481270652907,2.782842860989541,2.782835116796703,500
ABACuS,jp2_decode,jp2_decode,jp2_decode,jp2_decode,jp2_decode,jp2_decode,jp2_decode,jp2_decode,0.5680403374077806,0.565728408364308,0.5656968277283224,0.5633767014708774,0.5653410436806234,0.5618394425581871,0.5633911368883839,0.5619653068694729,500
ABACuS,483.xalancbmk,483.xalancbmk,483.xalancbmk,483.xalancbmk,483.xalancbmk,483.xalancbmk,483.xalancbmk,483.xalancbmk,0.4919757089158416,0.49527858846077755,0.4926995621930814,0.49156731992817454,0.4926407550503855,0.4922338396627812,0.49152067847155156,0.4914669831399499,500
ABACuS,jp2_encode,jp2_encode,jp2_encode,jp2_encode,jp2_encode,jp2_encode,jp2_encode,jp2_encode,2.8354254425446968,2.8357049278880235,2.834978187677824,2.8340654669122856,2.833124758688599,2.8313853402192626,2.8235806481269607,2.8065577804573545,500
ABACuS,541.leela,541.leela,541.leela,541.leela,541.leela,541.leela,541.leela,541.leela,3.4772966605572884,3.4772308835407224,3.4772129887535805,3.477252164067884,3.4772768304593873,3.477275379485494,3.47726619001229,3.477296176893673,500
ABACuS,401.bzip2,401.bzip2,401.bzip2,401.bzip2,401.bzip2,401.bzip2,401.bzip2,401.bzip2,2.4200165180647457,2.4199509272671165,2.4200230773400655,2.4199944979005097,2.4199633423952895,2.4199581889303947,2.4199942636455973,2.419997074707536,500
ABACuS,ycsb_bserver,ycsb_bserver,ycsb_bserver,ycsb_bserver,ycsb_bserver,ycsb_bserver,ycsb_bserver,ycsb_bserver,1.5994362818813235,1.599454803437881,1.5994566453840833,1.5994393517229193,1.5994654458522726,1.599452040526532,1.5994907221540662,1.5994382261129658,500
ABACuS,531.deepsjeng,531.deepsjeng,531.deepsjeng,531.deepsjeng,531.deepsjeng,531.deepsjeng,531.deepsjeng,531.deepsjeng,3.2471471214820085,3.247121816164588,3.2471062114154488,3.2471542913936515,3.2470534937776065,3.24712055090907,3.2471391080888186,3.2471348905293413,500
ABACuS,450.soplex,450.soplex,450.soplex,450.soplex,450.soplex,450.soplex,450.soplex,450.soplex,0.27456572789971856,0.2799653053555269,0.2710131833278977,0.2863511404684409,0.27078897606813607,0.27254856114909876,0.3133556057306122,0.2800806475419758,500
ABACuS,grep_map0,grep_map0,grep_map0,grep_map0,grep_map0,grep_map0,grep_map0,grep_map0,0.0782210508060149,0.07829981927242875,0.07820510402170373,0.07741611323125976,0.07551441727446787,0.07084788355210613,0.057544004487180195,0.05142533608730133,500
ABACuS,511.povray,511.povray,511.povray,511.povray,511.povray,511.povray,511.povray,511.povray,3.0646554027913373,3.0650292544782225,3.064129910283502,3.065071341987542,3.065166043109721,3.0641588283441066,3.064995810763726,3.063557294893614,500
ABACuS,456.hmmer,456.hmmer,456.hmmer,456.hmmer,456.hmmer,456.hmmer,456.hmmer,456.hmmer,2.926810650921518,2.926729788033351,2.9182036845473176,2.918207772191161,2.9268188745163872,2.9268397763613434,2.926831895302774,2.9182016407296905,500
ABACuS,436.cactusADM,436.cactusADM,436.cactusADM,436.cactusADM,436.cactusADM,436.cactusADM,436.cactusADM,436.cactusADM,1.0249872204593353,1.0234352340504271,1.028636033967866,1.028680391100993,1.0253435393021562,1.0249661248695732,1.0253297460463284,1.027188234503787,500
ABACuS,tpch6,tpch6,tpch6,tpch6,tpch6,tpch6,tpch6,tpch6,2.6594612995191693,2.659478840016178,2.6685373469273608,2.6594443250649435,2.6594963807445655,2.6594675235400107,2.6594901565886526,2.6594709184727487,500
ABACuS,gups,gups,gups,gups,gups,gups,gups,gups,0.06656430319369136,0.06656983950371173,0.06654026730721202,0.06654614556353391,0.06654999830829904,0.06654291742420011,0.06654468050741011,0.06654491980790164,500
ABACuS,wc_8443,wc_8443,wc_8443,wc_8443,wc_8443,wc_8443,wc_8443,wc_8443,0.7329825493860186,0.8098305918624206,0.718283825716417,0.6945662636496857,0.6811254710221026,0.6630797412270306,0.6039791693865862,0.063498560261584,500
ABACuS,447.dealII,447.dealII,447.dealII,447.dealII,447.dealII,447.dealII,447.dealII,447.dealII,3.5793061128535175,3.579275365680247,3.5793158495685136,3.5793260987994224,3.579264604294402,3.5792958637370655,3.579336348089028,3.579285614679309,500
ABACuS,458.sjeng,458.sjeng,458.sjeng,458.sjeng,458.sjeng,458.sjeng,458.sjeng,458.sjeng,3.3970552965867067,3.397028985625404,3.3970483726100067,3.3970857624195077,3.397077453501823,3.3970959178185427,3.397043295045032,3.3970714526421064,500
ABACuS,ycsb_dserver,ycsb_dserver,ycsb_dserver,ycsb_dserver,ycsb_dserver,ycsb_dserver,ycsb_dserver,ycsb_dserver,1.8587891282546654,1.858825753004736,1.8587379942254214,1.858806403900341,1.8588375008717948,1.858752090352601,1.858812208589363,1.8588258912140736,500
ABACuS,525.x264,525.x264,525.x264,525.x264,525.x264,525.x264,525.x264,525.x264,3.3158644750482527,3.315810380741243,3.31582797219214,3.3158270926151623,3.3158504015627472,3.315829291558482,3.315846443416473,3.315855239309915,500
ABACuS,403.gcc,403.gcc,403.gcc,403.gcc,403.gcc,403.gcc,403.gcc,403.gcc,3.6838795200464935,3.6842285984265986,3.6839609476562196,3.684072237877892,3.6840391215482398,3.6838578066251677,3.6840602942149494,3.683685736813031,500
ABACuS,h264_decode,h264_decode,h264_decode,h264_decode,h264_decode,h264_decode,h264_decode,h264_decode,0.03704640390468386,0.03706343641680161,0.037121244352576195,0.03690420922029525,0.03588153508532669,0.033979062881611635,0.023550755620577412,0.0057469580852593455,500
ABACuS,470.lbm,470.lbm,470.lbm,470.lbm,470.lbm,470.lbm,470.lbm,470.lbm,0.16639654738612256,0.16637592584542463,0.16626463655860613,0.16634167274224082,0.16629388787546806,0.1661544523670875,0.1652907249635329,0.1651714881082937,500
ABACuS,434.zeusmp,434.zeusmp,434.zeusmp,434.zeusmp,434.zeusmp,434.zeusmp,434.zeusmp,434.zeusmp,0.17278894770010308,0.17269200826561976,0.17274205065266784,0.1732037719236658,0.1727733523227373,0.1731694328520978,0.17285176729558413,0.17267951949340415,500
ABACuS,500.perlbench,500.perlbench,500.perlbench,500.perlbench,500.perlbench,500.perlbench,500.perlbench,500.perlbench,1.9531674203549108,1.9531860370636582,1.9531806961682892,1.9531748975149599,1.9531790176072057,1.9531851214795206,1.9531907675953777,1.9531945825570036,500
ABACuS,bfs_dblp,bfs_dblp,bfs_dblp,bfs_dblp,bfs_dblp,bfs_dblp,bfs_dblp,bfs_dblp,0.035181899935854105,0.03523300587401855,0.03527755393072285,0.03475075476380548,0.0336064201339386,0.030061817739155183,0.00937592603560273,0.0027877989084582793,500
ABACuS,549.fotonik3d,549.fotonik3d,549.fotonik3d,549.fotonik3d,549.fotonik3d,549.fotonik3d,549.fotonik3d,549.fotonik3d,0.2348838788595978,0.234865757872719,0.23481906266034913,0.23480992301099207,0.2349479094640448,0.23487847890141586,0.23486983771950407,0.23485698304166303,500
ABACuS,526.blender,526.blender,526.blender,526.blender,526.blender,526.blender,526.blender,526.blender,3.1068443781650976,3.1070092513064664,3.10706717342518,3.1069049969347273,3.106923144415007,3.186713089003367,3.213460956577916,3.1070586780459584,500
ABACuS,507.cactuBSSN,507.cactuBSSN,507.cactuBSSN,507.cactuBSSN,507.cactuBSSN,507.cactuBSSN,507.cactuBSSN,507.cactuBSSN,1.4889168897907887,1.49139397074756,1.4924453609783563,1.4929008682174005,1.4906362405152307,1.4942809385638347,1.4914506469435642,1.492888387304931,500
ABACuS,tpcc64,tpcc64,tpcc64,tpcc64,tpcc64,tpcc64,tpcc64,tpcc64,1.3373030192771695,1.3298982239528394,1.3281955188808305,1.3308693440847703,1.3367787290057564,1.3252354028898508,1.3367715811344956,1.3260395500312865,500
ABACuS,459.GemsFDTD,459.GemsFDTD,459.GemsFDTD,459.GemsFDTD,459.GemsFDTD,459.GemsFDTD,459.GemsFDTD,459.GemsFDTD,0.4894167254798746,0.48543059674488104,0.48795657779812796,0.48692248899039037,0.48734614506567586,0.4880280949575395,0.48750017379381194,0.48822882261588396,500
ABACuS,471.omnetpp,471.omnetpp,471.omnetpp,471.omnetpp,471.omnetpp,471.omnetpp,471.omnetpp,471.omnetpp,0.6783689286625335,0.6779272920809876,0.6521816598273681,0.6351951682888619,0.63702212033832,0.6347171063318211,0.6346015532304544,0.6344424546355246,500
ABACuS,557.xz,557.xz,557.xz,557.xz,557.xz,557.xz,557.xz,557.xz,1.536716112658994,1.5409522863232348,1.535686434943869,1.5378252100484697,1.5363875570798706,1.5357470936600552,1.539217791683003,1.5357313389138534,500
ABACuS,544.nab,544.nab,544.nab,544.nab,544.nab,544.nab,544.nab,544.nab,2.7813607885536102,2.78136171687006,2.7813762605753487,2.7813969933543525,2.78137780778699,2.7814192737002235,2.7813966839076176,2.7814065862372885,500
ABACuS,433.milc,433.milc,433.milc,433.milc,433.milc,433.milc,433.milc,433.milc,0.272132927486622,0.2718498058095282,0.2719459896989687,0.27190053295549743,0.2717386430774336,0.27193808861679125,0.27175652285224516,0.27181846006144184,500
ABACuS,481.wrf,481.wrf,481.wrf,481.wrf,481.wrf,481.wrf,481.wrf,481.wrf,3.638692399499316,3.6387347682562603,3.638777137999895,3.6387453605996654,3.6387559530047393,3.6387241759745232,3.638644735827115,3.638766545471482,500
ABACuS,ycsb_eserver,ycsb_eserver,ycsb_eserver,ycsb_eserver,ycsb_eserver,ycsb_eserver,ycsb_eserver,ycsb_eserver,1.6264334734061212,1.626455588296468,1.6264619371799245,1.6264554824821635,1.6264643709317246,1.6264622546253984,1.6264694500893777,1.6264738943783468,500
ABACuS,482.sphinx3,482.sphinx3,482.sphinx3,482.sphinx3,482.sphinx3,482.sphinx3,482.sphinx3,482.sphinx3,0.5165694293591822,0.5194112934226283,0.5193701270227674,0.518094856619528,0.513870378992354,0.5153563514980162,0.5152726716832378,0.5116198171966021,500
ABACuS,502.gcc,502.gcc,502.gcc,502.gcc,502.gcc,502.gcc,502.gcc,502.gcc,2.7042700098943833,2.703978103401637,2.70412346378746,2.7042741052233055,2.703990386773377,2.704309501083022,2.704264744489709,2.7040193408768984,1000
ABACuS,462.libquantum,462.libquantum,462.libquantum,462.libquantum,462.libquantum,462.libquantum,462.libquantum,462.libquantum,0.294526064620126,0.29455094536067006,0.2943951612551851,0.29447002721515547,0.294347431978781,0.2933586350853501,0.2936374151572862,0.2938136881568462,1000
ABACuS,wc_map0,wc_map0,wc_map0,wc_map0,wc_map0,wc_map0,wc_map0,wc_map0,2.1947182087166484,2.17162528345139,2.209952174866974,2.171652447699877,2.139538657270041,2.166111463417107,2.1378685792324026,2.139028465249643,1000
ABACuS,523.xalancbmk,523.xalancbmk,523.xalancbmk,523.xalancbmk,523.xalancbmk,523.xalancbmk,523.xalancbmk,523.xalancbmk,2.2238593780772655,2.2236884729860096,2.2235007845844867,2.2235553671957096,2.223361966974537,2.223267058928049,2.223343775637933,2.223267058928049,1000
ABACuS,464.h264ref,464.h264ref,464.h264ref,464.h264ref,464.h264ref,464.h264ref,464.h264ref,464.h264ref,2.827424525012472,2.827356095208615,2.827467695050597,2.827500952867821,2.8274485082042378,2.8275546786868655,2.8275361302566724,2.827572907553635,1000
ABACuS,ycsb_abgsave,ycsb_abgsave,ycsb_abgsave,ycsb_abgsave,ycsb_abgsave,ycsb_abgsave,ycsb_abgsave,ycsb_abgsave,2.0329262493388924,2.032941954058927,2.032895005933207,2.0265929527256663,2.0266798622441375,2.032919967518818,2.0329574937049473,2.032989730962271,1000
ABACuS,505.mcf,505.mcf,505.mcf,505.mcf,505.mcf,505.mcf,505.mcf,505.mcf,0.767816168347319,0.7524694089581543,0.7524758411611389,0.7681451083874256,0.765183560343401,0.8006533074779962,0.7387053503217047,0.752293517246028,1000
ABACuS,bfs_ny,bfs_ny,bfs_ny,bfs_ny,bfs_ny,bfs_ny,bfs_ny,bfs_ny,0.03552517995411349,0.03557799510622969,0.03562552933925577,0.035103523569676075,0.033961714391526565,0.03034376852255697,0.009331113408203967,0.002819794004929854,1000
ABACuS,444.namd,444.namd,444.namd,444.namd,444.namd,444.namd,444.namd,444.namd,3.6559579757867366,3.6559045124536924,3.6558617429130753,3.655813628376016,3.6559152049952086,3.6559258975992703,3.6558243203859146,3.6567440672618576,1000
ABACuS,tpch17,tpch17,tpch17,tpch17,tpch17,tpch17,tpch17,tpch17,0.6511543808116994,0.6407319722050471,0.639656235434228,0.640344987142513,0.6510385640610098,0.6398264585899838,0.6402231623316047,0.6399437586707579,1000
ABACuS,437.leslie3d,437.leslie3d,437.leslie3d,437.leslie3d,437.leslie3d,437.leslie3d,437.leslie3d,437.leslie3d,0.2122970195290245,0.21222412667437407,0.2123212952169728,0.21224487550454216,0.21229381419727789,0.2122773059282539,0.2120585589701432,0.21226746131453111,1000
ABACuS,tpch2,tpch2,tpch2,tpch2,tpch2,tpch2,tpch2,tpch2,0.647388289331085,0.6589766898593952,0.6475808361558576,0.6474766501143145,0.6488361307254273,0.647416018942046,0.648892682805787,0.6475447731234936,1000
ABACuS,429.mcf,429.mcf,429.mcf,429.mcf,429.mcf,429.mcf,429.mcf,429.mcf,0.09407480171966931,0.09397581954799217,0.09396845433882987,0.09372863713470267,0.09347519053468725,0.09301604607532728,0.09200768643989503,0.08941618143604763,1000
ABACuS,473.astar,473.astar,473.astar,473.astar,473.astar,473.astar,473.astar,473.astar,0.6950016620269746,0.6999741429551593,0.6925876362302565,0.6981856138742552,0.6980032138301575,0.6959113094996514,0.6962337458314048,0.6991127895162388,1000
ABACuS,ycsb_aserver,ycsb_aserver,ycsb_aserver,ycsb_aserver,ycsb_aserver,ycsb_aserver,ycsb_aserver,ycsb_aserver,1.491771834094684,1.4916743686786569,1.4918943292440112,1.4918145626760528,1.4918973562683708,1.4917756617636178,1.477016297102419,1.4917702318204973,1000
ABACuS,445.gobmk,445.gobmk,445.gobmk,445.gobmk,445.gobmk,445.gobmk,445.gobmk,445.gobmk,3.3628854741103553,3.362831191792755,3.3628759745782717,3.362894521333665,3.362818526170799,3.3628592374380393,3.362838429333851,3.3628691892310707,1000
ABACuS,510.parest,510.parest,510.parest,510.parest,510.parest,510.parest,510.parest,510.parest,0.4488039786867658,0.4477871977675981,0.45163754107349874,0.4486212719841471,0.4516129020603538,0.44987696674738,0.4462439618952638,0.4510934496196912,1000
ABACuS,538.imagick,538.imagick,538.imagick,538.imagick,538.imagick,538.imagick,538.imagick,538.imagick,3.924515553875514,3.9245032324563325,3.9244909111145194,3.924478589850074,3.9244662686629956,3.9244539475532836,3.9244416265209368,3.924429305565955,1000
ABACuS,520.omnetpp,520.omnetpp,520.omnetpp,520.omnetpp,520.omnetpp,520.omnetpp,520.omnetpp,520.omnetpp,0.48942100829106594,0.48930375148990546,0.48933953275630027,0.48944260553243996,0.4894302544365825,0.48938229325208177,0.48959143301160324,0.48951311165764705,1000
ABACuS,519.lbm,519.lbm,519.lbm,519.lbm,519.lbm,519.lbm,519.lbm,519.lbm,0.16505791320977625,0.16503144816171766,0.1650636978829366,0.165100066258619,0.16507130096376682,0.16507782779078364,0.16503118125543628,0.16505733999559336,1000
ABACuS,h264_encode,h264_encode,h264_encode,h264_encode,h264_encode,h264_encode,h264_encode,h264_encode,2.4267368155388813,2.4269462482857267,2.425536278794633,2.425692311991381,2.4263060490042,2.4226886145457835,2.4218688166661773,2.419774552508672,1000
ABACuS,bfs_cm2003,bfs_cm2003,bfs_cm2003,bfs_cm2003,bfs_cm2003,bfs_cm2003,bfs_cm2003,bfs_cm2003,0.03554700364793873,0.035603660208368255,0.035644371469231634,0.03510988617742853,0.03394857530648421,0.030322779474169503,0.009353376277796628,0.0028147141190051697,1000
ABACuS,435.gromacs,435.gromacs,435.gromacs,435.gromacs,435.gromacs,435.gromacs,435.gromacs,435.gromacs,3.2754564545096745,3.275405387098545,3.275413969745394,3.2754397179558166,3.2754311351740295,3.2754225524372225,3.275465037424153,3.275448300782583,1000
ABACuS,ycsb_cserver,ycsb_cserver,ycsb_cserver,ycsb_cserver,ycsb_cserver,ycsb_cserver,ycsb_cserver,ycsb_cserver,1.6314960708027528,1.6315114027963453,1.6315009684916049,1.6315303552422409,1.6314987325865247,1.6314974549292303,1.6315069309351138,1.6315155552608676,1000
ABACuS,508.namd,508.namd,508.namd,508.namd,508.namd,508.namd,508.namd,508.namd,2.782813433286055,2.782802281897871,2.7828487466049245,2.782789581814626,2.7827908208420347,2.7828481270652907,2.782842860989541,2.782835116796703,1000
ABACuS,jp2_decode,jp2_decode,jp2_decode,jp2_decode,jp2_decode,jp2_decode,jp2_decode,jp2_decode,0.5726874890645324,0.5725785840630905,0.5709754453151693,0.56518161579953,0.5653609497231744,0.5652227997492943,0.5652185060135405,0.5652439754657888,1000
ABACuS,483.xalancbmk,483.xalancbmk,483.xalancbmk,483.xalancbmk,483.xalancbmk,483.xalancbmk,483.xalancbmk,483.xalancbmk,0.5009410879654955,0.5047576538371606,0.5016438165567221,0.50010820341089,0.501429113086626,0.5012028969768023,0.5000708700437025,0.49944926728195355,1000
ABACuS,jp2_encode,jp2_encode,jp2_encode,jp2_encode,jp2_encode,jp2_encode,jp2_encode,jp2_encode,2.8354254425446968,2.8357049278880235,2.834978187677824,2.8340654669122856,2.833124758688599,2.8313853402192626,2.8235806481269607,2.8065577804573545,1000
ABACuS,541.leela,541.leela,541.leela,541.leela,541.leela,541.leela,541.leela,541.leela,3.4772966605572884,3.4772308835407224,3.4772129887535805,3.477252164067884,3.4772768304593873,3.477275379485494,3.47726619001229,3.477296176893673,1000
ABACuS,401.bzip2,401.bzip2,401.bzip2,401.bzip2,401.bzip2,401.bzip2,401.bzip2,401.bzip2,2.436243032588551,2.4361898536395605,2.4362869544532257,2.4362432699997787,2.4367091599503654,2.4362373347329678,2.4362404210681006,2.4367162850330355,1000
ABACuS,ycsb_bserver,ycsb_bserver,ycsb_bserver,ycsb_bserver,ycsb_bserver,ycsb_bserver,ycsb_bserver,ycsb_bserver,1.5994362818813235,1.599454803437881,1.5994566453840833,1.5994393517229193,1.5994654458522726,1.599452040526532,1.5994907221540662,1.5994382261129658,1000
ABACuS,531.deepsjeng,531.deepsjeng,531.deepsjeng,531.deepsjeng,531.deepsjeng,531.deepsjeng,531.deepsjeng,531.deepsjeng,3.2471471214820085,3.247121816164588,3.2471062114154488,3.2471542913936515,3.2470534937776065,3.24712055090907,3.2471391080888186,3.2471348905293413,1000
ABACuS,450.soplex,450.soplex,450.soplex,450.soplex,450.soplex,450.soplex,450.soplex,450.soplex,0.2720583998384626,0.27234716620540317,0.2940541659535853,0.2731762722018415,0.28669038949366416,0.286714641289592,0.30657566291039534,0.27903406354092264,1000
ABACuS,grep_map0,grep_map0,grep_map0,grep_map0,grep_map0,grep_map0,grep_map0,grep_map0,0.0790462627010784,0.07912925283928024,0.07903641908722313,0.07828330180191534,0.07639913074413664,0.07183711691190786,0.058307183086483694,0.05201678425161312,1000
ABACuS,511.povray,511.povray,511.povray,511.povray,511.povray,511.povray,511.povray,511.povray,3.0646554027913373,3.0650292544782225,3.064129910283502,3.065071341987542,3.065166043109721,3.0641588283441066,3.064995810763726,3.063557294893614,1000
ABACuS,456.hmmer,456.hmmer,456.hmmer,456.hmmer,456.hmmer,456.hmmer,456.hmmer,456.hmmer,2.926810650921518,2.926729788033351,2.9182036845473176,2.918207772191161,2.9268188745163872,2.9268397763613434,2.926831895302774,2.9182016407296905,1000
ABACuS,436.cactusADM,436.cactusADM,436.cactusADM,436.cactusADM,436.cactusADM,436.cactusADM,436.cactusADM,436.cactusADM,1.0412596209265195,1.0403436096810548,1.0361916029353568,1.0412576693313005,1.0388821594719853,1.0391291565633871,1.039145656007457,1.0408836185944281,1000
ABACuS,tpch6,tpch6,tpch6,tpch6,tpch6,tpch6,tpch6,tpch6,2.6594612995191693,2.659478840016178,2.6685373469273608,2.6594443250649435,2.6594963807445655,2.6594675235400107,2.6594901565886526,2.6594709184727487,1000
ABACuS,gups,gups,gups,gups,gups,gups,gups,gups,0.06654447486269287,0.06656300516994329,0.06652846540010324,0.06653332200208761,0.06655417254476446,0.06657559834952168,0.06654421307048178,0.06653649874143418,1000
ABACuS,wc_8443,wc_8443,wc_8443,wc_8443,wc_8443,wc_8443,wc_8443,wc_8443,0.7071114224035583,0.8329596676264361,0.7031482676156431,0.6987753375238611,0.6845713660446359,0.7056146377667986,0.6136696786474544,0.06408340989997786,1000
ABACuS,447.dealII,447.dealII,447.dealII,447.dealII,447.dealII,447.dealII,447.dealII,447.dealII,3.5793061128535175,3.579275365680247,3.5793158495685136,3.5793260987994224,3.579264604294402,3.5792958637370655,3.579336348089028,3.579285614679309,1000
ABACuS,458.sjeng,458.sjeng,458.sjeng,458.sjeng,458.sjeng,458.sjeng,458.sjeng,458.sjeng,3.3970552965867067,3.397028985625404,3.3970483726100067,3.3970857624195077,3.397077453501823,3.3970959178185427,3.397043295045032,3.3970714526421064,1000
ABACuS,ycsb_dserver,ycsb_dserver,ycsb_dserver,ycsb_dserver,ycsb_dserver,ycsb_dserver,ycsb_dserver,ycsb_dserver,1.8587891282546654,1.858825753004736,1.8587379942254214,1.858806403900341,1.8588375008717948,1.858752090352601,1.858812208589363,1.8588258912140736,1000
ABACuS,525.x264,525.x264,525.x264,525.x264,525.x264,525.x264,525.x264,525.x264,3.3158644750482527,3.315810380741243,3.31582797219214,3.3158270926151623,3.3158504015627472,3.315829291558482,3.315846443416473,3.315855239309915,1000
ABACuS,403.gcc,403.gcc,403.gcc,403.gcc,403.gcc,403.gcc,403.gcc,403.gcc,3.6838795200464935,3.6842285984265986,3.6839609476562196,3.684072237877892,3.6840391215482398,3.6838578066251677,3.6840602942149494,3.683685736813031,1000
ABACuS,h264_decode,h264_decode,h264_decode,h264_decode,h264_decode,h264_decode,h264_decode,h264_decode,0.03747743998653211,0.037499361610867935,0.037542827130220106,0.03730486947519341,0.03631658280293679,0.034365869774520184,0.02370420080783499,0.005188121443329259,1000
ABACuS,470.lbm,470.lbm,470.lbm,470.lbm,470.lbm,470.lbm,470.lbm,470.lbm,0.16820805689544674,0.16794417997639968,0.16802174185209479,0.16832953352977525,0.16816543437390674,0.16818776918494505,0.16766251943812185,0.16723821553238438,1000
ABACuS,434.zeusmp,434.zeusmp,434.zeusmp,434.zeusmp,434.zeusmp,434.zeusmp,434.zeusmp,434.zeusmp,0.17409205855746554,0.17483061902619948,0.17485551898293064,0.17454702498629493,0.1744411237832121,0.1750039640147889,0.17446078237105336,0.17473577120674047,1000
ABACuS,500.perlbench,500.perlbench,500.perlbench,500.perlbench,500.perlbench,500.perlbench,500.perlbench,500.perlbench,1.9531674203549108,1.9531860370636582,1.9531806961682892,1.9531748975149599,1.9531790176072057,1.9531851214795206,1.9531907675953777,1.9531945825570036,1000
ABACuS,bfs_dblp,bfs_dblp,bfs_dblp,bfs_dblp,bfs_dblp,bfs_dblp,bfs_dblp,bfs_dblp,0.03555293446049617,0.03560886901497453,0.03565233814693424,0.03511106044132547,0.033954723101643894,0.030325423992914078,0.009176694048206277,0.002806341305486723,1000
ABACuS,549.fotonik3d,549.fotonik3d,549.fotonik3d,549.fotonik3d,549.fotonik3d,549.fotonik3d,549.fotonik3d,549.fotonik3d,0.23795346542054055,0.23800863468669675,0.2379322522364347,0.2379893101865565,0.23799455959668414,0.23801255026848864,0.23793263946148038,0.23797629301110937,1000
ABACuS,526.blender,526.blender,526.blender,526.blender,526.blender,526.blender,526.blender,526.blender,3.1068443781650976,3.1070092513064664,3.10706717342518,3.1069049969347273,3.106923144415007,3.186713089003367,3.213460956577916,3.1070586780459584,1000
ABACuS,507.cactuBSSN,507.cactuBSSN,507.cactuBSSN,507.cactuBSSN,507.cactuBSSN,507.cactuBSSN,507.cactuBSSN,507.cactuBSSN,1.5169855046573881,1.5185410829141655,1.5205724018420337,1.5141692322750138,1.5160752184346014,1.516704068588998,1.515549875139908,1.5170910931278505,1000
ABACuS,tpcc64,tpcc64,tpcc64,tpcc64,tpcc64,tpcc64,tpcc64,tpcc64,1.337476729242388,1.3363589212034137,1.3367062531332394,1.3405709148340124,1.3371332163359597,1.3393407229225487,1.3394745562789612,1.3471562340193592,1000
ABACuS,459.GemsFDTD,459.GemsFDTD,459.GemsFDTD,459.GemsFDTD,459.GemsFDTD,459.GemsFDTD,459.GemsFDTD,459.GemsFDTD,0.491992032641664,0.4935645890071873,0.49236146484547016,0.49398784193171535,0.4958019457648201,0.4962153457096586,0.49360271141892614,0.49188804793303426,1000
ABACuS,471.omnetpp,471.omnetpp,471.omnetpp,471.omnetpp,471.omnetpp,471.omnetpp,471.omnetpp,471.omnetpp,0.6782260070971197,0.6783273489485736,0.6545109839509717,0.6353539503487661,0.6361980074176616,0.6353544024646871,0.6361269416248189,0.6346293420673224,1000
ABACuS,557.xz,557.xz,557.xz,557.xz,557.xz,557.xz,557.xz,557.xz,1.5508121106763737,1.5490927954916194,1.550691003418033,1.5482101173797176,1.548198228576358,1.548094209335033,1.5482919057900295,1.5490658234626342,1000
ABACuS,544.nab,544.nab,544.nab,544.nab,544.nab,544.nab,544.nab,544.nab,2.7813607885536102,2.78136171687006,2.7813762605753487,2.7813969933543525,2.78137780778699,2.7814192737002235,2.7813966839076176,2.7814065862372885,1000
ABACuS,433.milc,433.milc,433.milc,433.milc,433.milc,433.milc,433.milc,433.milc,0.27244085812985586,0.2723133771887855,0.27244232777340294,0.2723288467119527,0.27225806911114264,0.272359672343906,0.2722151874558712,0.2721927692709432,1000
ABACuS,481.wrf,481.wrf,481.wrf,481.wrf,481.wrf,481.wrf,481.wrf,481.wrf,3.638692399499316,3.6387347682562603,3.638777137999895,3.6387453605996654,3.6387559530047393,3.6387241759745232,3.638644735827115,3.638766545471482,1000
ABACuS,ycsb_eserver,ycsb_eserver,ycsb_eserver,ycsb_eserver,ycsb_eserver,ycsb_eserver,ycsb_eserver,ycsb_eserver,1.6264334734061212,1.626455588296468,1.6264619371799245,1.6264554824821635,1.6264643709317246,1.6264622546253984,1.6264694500893777,1.6264738943783468,1000
ABACuS,482.sphinx3,482.sphinx3,482.sphinx3,482.sphinx3,482.sphinx3,482.sphinx3,482.sphinx3,482.sphinx3,0.525193500717824,0.5232552967825556,0.525087262151748,0.5205295067668524,0.5237645159764309,0.5213295630501291,0.5157831926393694,0.5179160739376159,1000
ABACuS-Big,502.gcc,502.gcc,502.gcc,502.gcc,502.gcc,502.gcc,502.gcc,502.gcc,2.217330815081162,2.217249227837413,2.2174768709955557,2.2173068717122675,2.2278639907302145,2.218065764141622,2.217313607268904,2.2179678887266805,125
ABACuS-Big,462.libquantum,462.libquantum,462.libquantum,462.libquantum,462.libquantum,462.libquantum,462.libquantum,462.libquantum,0.2549840219171108,0.2551607694522017,0.25455737667076617,0.25485397557853623,0.2545469890935486,0.2551292309537795,0.25462798391945857,0.2540436731635622,125
ABACuS-Big,wc_map0,wc_map0,wc_map0,wc_map0,wc_map0,wc_map0,wc_map0,wc_map0,1.0098042398549638,1.0085045118046234,1.0092162434726921,1.0108995543767747,1.0100752684858345,1.0175085649546587,0.9830455075211066,0.9835688915257278,125
ABACuS-Big,523.xalancbmk,523.xalancbmk,523.xalancbmk,523.xalancbmk,523.xalancbmk,523.xalancbmk,523.xalancbmk,523.xalancbmk,1.8781745375577434,1.8781881186833833,1.8781697930289756,1.8781705514464626,1.8780959825367123,1.8781071110591125,1.8781372522044402,1.8781960028814908,125
ABACuS-Big,464.h264ref,464.h264ref,464.h264ref,464.h264ref,464.h264ref,464.h264ref,464.h264ref,464.h264ref,3.7472674223343696,3.7434292522193107,3.747357504014076,3.7449645440800583,3.739033904306868,3.742591236561688,3.747171939078104,3.7424915794875084,125
ABACuS-Big,ycsb_abgsave,ycsb_abgsave,ycsb_abgsave,ycsb_abgsave,ycsb_abgsave,ycsb_abgsave,ycsb_abgsave,ycsb_abgsave,2.1705146309724666,2.1705050674130657,2.17054833965804,2.1705329338814754,2.170550177058832,2.170558468957514,2.1705856300806357,2.1706085750456117,125
ABACuS-Big,505.mcf,505.mcf,505.mcf,505.mcf,505.mcf,505.mcf,505.mcf,505.mcf,0.6859500887007204,0.681093338294508,0.6889423095521207,0.6897527200976185,0.6930342328798705,0.6810311991901776,0.6806259347822936,0.6772291822212806,125
ABACuS-Big,bfs_ny,bfs_ny,bfs_ny,bfs_ny,bfs_ny,bfs_ny,bfs_ny,bfs_ny,0.0,0.0,0.0,0.0,0.0,0.0,0.06561205981835616,0.017973097140648906,125
ABACuS-Big,444.namd,444.namd,444.namd,444.namd,444.namd,444.namd,444.namd,444.namd,3.9231336500806058,3.9231019449229048,3.9231020988301997,3.9231203369301286,3.948335165722781,3.9230282247169415,3.9231179513462364,3.9230307640934097,125
ABACuS-Big,tpch17,tpch17,tpch17,tpch17,tpch17,tpch17,tpch17,tpch17,0.5972163655618706,0.5972272423319351,0.598723756250111,0.5976061219464355,0.5986535294344695,0.5977829444091243,0.5978025882789654,0.5978560499421204,125
ABACuS-Big,437.leslie3d,437.leslie3d,437.leslie3d,437.leslie3d,437.leslie3d,437.leslie3d,437.leslie3d,437.leslie3d,0.30689788646008553,0.3069629123372752,0.3068554166656681,0.3070636840838173,0.3068207922006695,0.3068010633473279,0.3068656042009754,0.306988954436113,125
ABACuS-Big,tpch2,tpch2,tpch2,tpch2,tpch2,tpch2,tpch2,tpch2,0.5296135340662546,0.5283643065553327,0.5295967486445626,0.529032595996886,0.529642142837198,0.5292162902638735,0.5284872210785817,0.5298026942713367,125
ABACuS-Big,429.mcf,429.mcf,429.mcf,429.mcf,429.mcf,429.mcf,429.mcf,429.mcf,0.08813686364600541,0.08814751656139781,0.08814179783521364,0.08799884103766377,0.0877429159447249,0.08736809406512408,0.08701883278504297,0.08669602307001634,125
ABACuS-Big,473.astar,473.astar,473.astar,473.astar,473.astar,473.astar,473.astar,473.astar,0.588743267003211,0.5894915491552598,0.5895057813730975,0.5886086139374315,0.5881626975418676,0.589064929699548,0.5881559570686499,0.589161865517889,125
ABACuS-Big,ycsb_aserver,ycsb_aserver,ycsb_aserver,ycsb_aserver,ycsb_aserver,ycsb_aserver,ycsb_aserver,ycsb_aserver,1.2060553239768526,1.2055511265281544,1.2077909886291611,1.2061970957053647,1.2051809983908603,1.2077425670631066,1.2035998129798466,1.2018592714855512,125
ABACuS-Big,445.gobmk,445.gobmk,445.gobmk,445.gobmk,445.gobmk,445.gobmk,445.gobmk,445.gobmk,3.2796069220564354,3.2960528333537606,3.268942520794356,3.2696445270262195,3.296057341905104,3.2690270491229994,3.269593052716368,3.269006157075027,125
ABACuS-Big,510.parest,510.parest,510.parest,510.parest,510.parest,510.parest,510.parest,510.parest,0.38195408500533684,0.38394113746205577,0.3823120332829081,0.3834773830331475,0.38220357568185565,0.3830129629703182,0.3823681057830847,0.3821868700216756,125
ABACuS-Big,538.imagick,538.imagick,538.imagick,538.imagick,538.imagick,538.imagick,538.imagick,538.imagick,3.9690058743668346,3.969005795601798,3.9690058743668346,3.969005795601798,3.969005795601798,3.9690058743668346,3.9690058743668346,3.9690058743668346,125
ABACuS-Big,520.omnetpp,520.omnetpp,520.omnetpp,520.omnetpp,520.omnetpp,520.omnetpp,520.omnetpp,520.omnetpp,0.4056154070270399,0.40565661045416757,0.4055930009379176,0.40563665475109667,0.40557680271030755,0.4056355515060508,0.40564342326200586,0.4056227449238712,125
ABACuS-Big,519.lbm,519.lbm,519.lbm,519.lbm,519.lbm,519.lbm,519.lbm,519.lbm,0.15094326328242397,0.15094248145801803,0.1509539158345453,0.15093775217972114,0.15093851140052275,0.1509469185870006,0.1509539311018936,0.15096389438883276,125
ABACuS-Big,h264_encode,h264_encode,h264_encode,h264_encode,h264_encode,h264_encode,h264_encode,h264_encode,3.9985818629564838,3.9984898503533186,3.9985989708925787,3.9981246396565226,3.9985330981476137,3.9986017689334394,3.9985554019044,3.998861923896459,125
ABACuS-Big,bfs_cm2003,bfs_cm2003,bfs_cm2003,bfs_cm2003,bfs_cm2003,bfs_cm2003,bfs_cm2003,bfs_cm2003,0.0,0.0,0.0,0.0,0.0,0.0,0.09081468891612439,0.0750301097612437,125
ABACuS-Big,435.gromacs,435.gromacs,435.gromacs,435.gromacs,435.gromacs,435.gromacs,435.gromacs,435.gromacs,2.788028234640735,2.788030722035414,2.782825165572184,2.7880295949341503,2.782834187496459,2.7880290119510955,2.788021705250819,2.7906681841948164,125
ABACuS-Big,ycsb_cserver,ycsb_cserver,ycsb_cserver,ycsb_cserver,ycsb_cserver,ycsb_cserver,ycsb_cserver,ycsb_cserver,1.584751257165344,1.5847584399064234,1.5847721274778972,1.584780754536621,1.5847666649783618,1.584777250959961,1.5847620940881495,1.5847633623819666,125
ABACuS-Big,508.namd,508.namd,508.namd,508.namd,508.namd,508.namd,508.namd,508.namd,2.885759782603018,2.885785640062277,2.8857921773677133,2.8857447929837385,2.885794217679296,2.885766111600136,2.8857483738230765,2.885809832404285,125
ABACuS-Big,jp2_decode,jp2_decode,jp2_decode,jp2_decode,jp2_decode,jp2_decode,jp2_decode,jp2_decode,0.9538213406975717,0.953978393744031,0.9560921332638885,0.9558113867569197,0.951655994439474,0.9519115874417464,0.953642671588175,0.9538960436365087,125
ABACuS-Big,483.xalancbmk,483.xalancbmk,483.xalancbmk,483.xalancbmk,483.xalancbmk,483.xalancbmk,483.xalancbmk,483.xalancbmk,0.4601849457526623,0.46935424886008054,0.4605607664923086,0.4618049805602501,0.4621108316590846,0.46063701898716314,0.4608206928988416,0.46020603161718066,125
ABACuS-Big,jp2_encode,jp2_encode,jp2_encode,jp2_encode,jp2_encode,jp2_encode,jp2_encode,jp2_encode,0.722660061678964,0.7247885185786908,0.7251853327147406,0.7251651810255947,0.7226074944585941,0.727200633924063,0.7233945564451119,0.7256566792929356,125
ABACuS-Big,541.leela,541.leela,541.leela,541.leela,541.leela,541.leela,541.leela,541.leela,3.7029600944580685,3.702967498906143,3.7028939356576633,3.7028995573498324,3.702859177525363,3.702959134624375,3.7029125147297233,3.7029274603916362,125
ABACuS-Big,401.bzip2,401.bzip2,401.bzip2,401.bzip2,401.bzip2,401.bzip2,401.bzip2,401.bzip2,2.693753144704257,2.656203174043264,2.6300749943529,2.664245187500651,2.626930559179078,2.6297226745746984,2.626870903427662,2.6261192799396276,125
ABACuS-Big,ycsb_bserver,ycsb_bserver,ycsb_bserver,ycsb_bserver,ycsb_bserver,ycsb_bserver,ycsb_bserver,ycsb_bserver,1.3834944231581914,1.3797425087277164,1.3743784115937614,1.376624029178923,1.3737087112357347,1.3738747939677252,1.3822155522028534,1.3735782417844122,125
ABACuS-Big,531.deepsjeng,531.deepsjeng,531.deepsjeng,531.deepsjeng,531.deepsjeng,531.deepsjeng,531.deepsjeng,531.deepsjeng,3.2704384415183467,3.27028501792991,3.270457533574967,3.270293680711777,3.270450795176589,3.2705010129559264,3.2703022365907675,3.27046416504175,125
ABACuS-Big,450.soplex,450.soplex,450.soplex,450.soplex,450.soplex,450.soplex,450.soplex,450.soplex,0.20530127199484272,0.21737107938652664,0.21022690819261944,0.20873967664230625,0.21551514753817866,0.20962185419684223,0.21495132526654326,0.2097133181821193,125
ABACuS-Big,grep_map0,grep_map0,grep_map0,grep_map0,grep_map0,grep_map0,grep_map0,grep_map0,0.0,0.0,0.0,0.0,0.0,0.0,0.0,3.7465828588551524,125
ABACuS-Big,511.povray,511.povray,511.povray,511.povray,511.povray,511.povray,511.povray,511.povray,3.236208722582496,3.2361357794550165,3.2361347321978773,3.236118761610486,3.236077867152855,3.23607598215796,3.2366930687496427,3.2361076084740845,125
ABACuS-Big,456.hmmer,456.hmmer,456.hmmer,456.hmmer,456.hmmer,456.hmmer,456.hmmer,456.hmmer,3.23917127228234,3.237404138642415,3.243282513258539,3.285110700592728,3.2755511372738115,3.260719022782073,3.2410154393062736,3.2366191609731567,125
ABACuS-Big,436.cactusADM,436.cactusADM,436.cactusADM,436.cactusADM,436.cactusADM,436.cactusADM,436.cactusADM,436.cactusADM,0.8533866137869633,0.8530028395440925,0.8520715548730822,0.8533875314065279,0.8527765680194631,0.8530626135716913,0.8533905573802658,0.852037723407859,125
ABACuS-Big,tpch6,tpch6,tpch6,tpch6,tpch6,tpch6,tpch6,tpch6,2.281920299826072,2.2821091010408256,2.299789311701576,2.2828552638715873,2.282101966073063,2.377154169679957,2.281282470847919,2.282260638501212,125
ABACuS-Big,gups,gups,gups,gups,gups,gups,gups,gups,0.09292958871009355,0.09291935188203838,0.0929280591431637,0.09292938343500295,0.09291015131714239,0.09293221509361917,0.09292112460679045,0.0929251787336478,125
ABACuS-Big,wc_8443,wc_8443,wc_8443,wc_8443,wc_8443,wc_8443,wc_8443,wc_8443,1.0197427343062497,1.0198791945954848,1.0199096460004788,1.0209876154100153,1.0217530143923466,1.02936301755504,0.986890107403201,0.9973458184274391,125
ABACuS-Big,447.dealII,447.dealII,447.dealII,447.dealII,447.dealII,447.dealII,447.dealII,447.dealII,3.923409167928288,3.923489675699841,3.9234237914653174,3.923155890169368,3.9235286223276673,3.9233164264550795,3.923160045784847,3.9235327787328202,125
ABACuS-Big,458.sjeng,458.sjeng,458.sjeng,458.sjeng,458.sjeng,458.sjeng,458.sjeng,458.sjeng,3.299107675501023,3.3064603523579073,3.315472276344084,3.3154816198733683,3.3028835544126696,3.315476013749478,3.315515311978055,3.3155248756039932,125
ABACuS-Big,ycsb_dserver,ycsb_dserver,ycsb_dserver,ycsb_dserver,ycsb_dserver,ycsb_dserver,ycsb_dserver,ycsb_dserver,1.8262211424872339,1.826223810558061,1.8262225265480023,1.8262220429602665,1.826223310294187,1.8262243441731618,1.8262221763637543,1.8262281295142362,125
ABACuS-Big,525.x264,525.x264,525.x264,525.x264,525.x264,525.x264,525.x264,525.x264,3.29055009458604,3.295753666933804,3.295750299719652,3.295757468635471,3.290565091046481,3.295750354029503,3.2905523684087954,3.2905475500738253,125
ABACuS-Big,403.gcc,403.gcc,403.gcc,403.gcc,403.gcc,403.gcc,403.gcc,403.gcc,3.742574218147241,3.742596209049448,3.7426016717977113,3.7427326424598197,3.7425794707277795,3.742602372151206,3.7425824121793214,3.7425772296249464,125
ABACuS-Big,470.lbm,470.lbm,470.lbm,470.lbm,470.lbm,470.lbm,470.lbm,470.lbm,0.13588935151935452,0.1358262496542823,0.13588055151075953,0.13575150899137495,0.1356960342342097,0.13577658224083308,0.13400104679205735,0.13375012457988167,125
ABACuS-Big,434.zeusmp,434.zeusmp,434.zeusmp,434.zeusmp,434.zeusmp,434.zeusmp,434.zeusmp,434.zeusmp,0.13401451939704007,0.13384583017707857,0.13392572673253791,0.13405978660415452,0.134130537557363,0.13404229141259816,0.13408879604652166,0.1340659939801741,125
ABACuS-Big,500.perlbench,500.perlbench,500.perlbench,500.perlbench,500.perlbench,500.perlbench,500.perlbench,500.perlbench,1.808578807288757,1.8019548867980406,1.8019555686769955,1.796266243265158,1.8085827160911812,1.7962688890584366,1.8085875734968166,1.8019569811421867,125
ABACuS-Big,bfs_dblp,bfs_dblp,bfs_dblp,bfs_dblp,bfs_dblp,bfs_dblp,bfs_dblp,bfs_dblp,0.0,0.0,0.0,0.0,0.0,0.0,0.08866067933444749,0.07261683432579953,125
ABACuS-Big,549.fotonik3d,549.fotonik3d,549.fotonik3d,549.fotonik3d,549.fotonik3d,549.fotonik3d,549.fotonik3d,549.fotonik3d,0.2100429128593203,0.2100037019032564,0.20997146354478546,0.210031870256996,0.21003968435185827,0.21002221847101538,0.2100238509700913,0.21004273418147007,125
ABACuS-Big,526.blender,526.blender,526.blender,526.blender,526.blender,526.blender,526.blender,526.blender,3.562238504976946,3.5620192431677977,3.5623169280801696,3.5617871951114615,3.562369719686389,3.5612461419907655,3.5610150189013337,3.5610551541741913,125
ABACuS-Big,507.cactuBSSN,507.cactuBSSN,507.cactuBSSN,507.cactuBSSN,507.cactuBSSN,507.cactuBSSN,507.cactuBSSN,507.cactuBSSN,1.2861658916316747,1.286498583954225,1.2862177453327064,1.2867096659302828,1.2869110376030386,1.2863323776098157,1.286483282934493,1.2857575193108726,125
ABACuS-Big,tpcc64,tpcc64,tpcc64,tpcc64,tpcc64,tpcc64,tpcc64,tpcc64,1.2666461448880426,1.2814717282476198,1.2648726892989495,1.267140972315916,1.266691719295491,1.2680659855127645,1.2673656982708468,1.2671100162126092,125
ABACuS-Big,459.GemsFDTD,459.GemsFDTD,459.GemsFDTD,459.GemsFDTD,459.GemsFDTD,459.GemsFDTD,459.GemsFDTD,459.GemsFDTD,0.2032498558465641,0.20329689006175836,0.20320421468625258,0.2031931558579356,0.20289544048456074,0.20310684889628444,0.20307293065685797,0.20294670106479304,125
ABACuS-Big,471.omnetpp,471.omnetpp,471.omnetpp,471.omnetpp,471.omnetpp,471.omnetpp,471.omnetpp,471.omnetpp,0.5944552207121728,0.5934461756795865,0.6395555201696592,0.6687829880761779,0.5917863026047833,0.6731149463046784,0.5933686502200364,0.6071103771713288,125
ABACuS-Big,557.xz,557.xz,557.xz,557.xz,557.xz,557.xz,557.xz,557.xz,1.1664212176218602,1.1660276922365287,1.1660302619250862,1.166125001603422,1.165991214757573,1.1657425543717044,1.1662289984169958,1.1659161052591158,125
ABACuS-Big,544.nab,544.nab,544.nab,544.nab,544.nab,544.nab,544.nab,544.nab,2.9228498153979205,2.922866559873891,2.9228756156398106,2.922876000083945,2.922892873009468,2.9229097888468045,2.9229109422064803,2.92293593188963,125
ABACuS-Big,433.milc,433.milc,433.milc,433.milc,433.milc,433.milc,433.milc,433.milc,0.263260219481019,0.26374807338955775,0.2633015018010698,0.2635219017005332,0.26349621416807867,0.26334636341293577,0.263426798039367,0.26330947195251003,125
ABACuS-Big,481.wrf,481.wrf,481.wrf,481.wrf,481.wrf,481.wrf,481.wrf,481.wrf,3.9553927419215604,3.955403537091925,3.9553751412266696,3.9553913338602045,3.955397748370055,3.9553825726120726,3.955397748370055,3.9554001733731003,125
ABACuS-Big,ycsb_eserver,ycsb_eserver,ycsb_eserver,ycsb_eserver,ycsb_eserver,ycsb_eserver,ycsb_eserver,ycsb_eserver,1.491470733772131,1.4914768066407706,1.4914777743002317,1.491472657954095,1.491482623738973,1.4914788754314905,1.4914722909132214,1.4914725912193771,125
ABACuS-Big,482.sphinx3,482.sphinx3,482.sphinx3,482.sphinx3,482.sphinx3,482.sphinx3,482.sphinx3,482.sphinx3,0.45366020470500346,0.4535714562311879,0.4536317186083981,0.4529615150421215,0.4526850055941455,0.45304951080223504,0.4521687272579619,0.45209202816971866,125
ABACuS-Big,502.gcc,502.gcc,502.gcc,502.gcc,502.gcc,502.gcc,502.gcc,502.gcc,2.2602651211877873,2.259515806776105,2.25967421327804,2.2601538059526645,2.259683200098269,2.259601223542428,2.2594927560775213,2.268550870574545,250
ABACuS-Big,462.libquantum,462.libquantum,462.libquantum,462.libquantum,462.libquantum,462.libquantum,462.libquantum,462.libquantum,0.2615342761853217,0.26116293362850385,0.26174007903545304,0.2606338156985442,0.26148072639293496,0.2601536821195452,0.2599010524205803,0.26024817122471494,250
ABACuS-Big,wc_map0,wc_map0,wc_map0,wc_map0,wc_map0,wc_map0,wc_map0,wc_map0,1.0431483611184766,1.0378183120436235,1.0417097836856821,1.0405436653353517,1.0416218118273948,1.0504621700026273,1.0167347834913099,1.0178324810487607,250
ABACuS-Big,523.xalancbmk,523.xalancbmk,523.xalancbmk,523.xalancbmk,523.xalancbmk,523.xalancbmk,523.xalancbmk,523.xalancbmk,1.89554621040743,1.8955655594238572,1.895524508359467,1.8953874807439293,1.8953367201673788,1.8953531012028053,1.8951781872116522,1.8958843270920696,250
ABACuS-Big,464.h264ref,464.h264ref,464.h264ref,464.h264ref,464.h264ref,464.h264ref,464.h264ref,464.h264ref,3.7478606508680974,3.745648446097141,3.747889586797984,3.7446457183196604,3.7400463575005967,3.7454962280605684,3.7479124830203165,3.744221589623504,250
ABACuS-Big,ycsb_abgsave,ycsb_abgsave,ycsb_abgsave,ycsb_abgsave,ycsb_abgsave,ycsb_abgsave,ycsb_abgsave,ycsb_abgsave,2.176427976976134,2.176427432239816,2.176479893967123,2.176518028006324,2.176520609800132,2.176522409953568,2.176523783756877,2.1766095077764107,250
ABACuS-Big,505.mcf,505.mcf,505.mcf,505.mcf,505.mcf,505.mcf,505.mcf,505.mcf,0.7049684360076094,0.7095634101394689,0.7079152682198745,0.7057340798715462,0.711251158677036,0.7003989002868771,0.6948907428496698,0.6973693008849396,250
ABACuS-Big,bfs_ny,bfs_ny,bfs_ny,bfs_ny,bfs_ny,bfs_ny,bfs_ny,bfs_ny,0.0,0.0,0.0,0.0,0.0,0.0,0.06869200054688587,0.018838791487144197,250
ABACuS-Big,444.namd,444.namd,444.namd,444.namd,444.namd,444.namd,444.namd,444.namd,3.9231336500806058,3.9231019449229048,3.9231020988301997,3.9231203369301286,3.948335165722781,3.9230282247169415,3.9231179513462364,3.9230307640934097,250
ABACuS-Big,tpch17,tpch17,tpch17,tpch17,tpch17,tpch17,tpch17,tpch17,0.6168381631997967,0.617338167770259,0.6181232074021342,0.6176123450134244,0.6185894186716862,0.6181085875983274,0.6176800703715492,0.6178321145333467,250
ABACuS-Big,437.leslie3d,437.leslie3d,437.leslie3d,437.leslie3d,437.leslie3d,437.leslie3d,437.leslie3d,437.leslie3d,0.31923709281416557,0.31935050086365707,0.31917419371444006,0.31914395684545627,0.31913599418712935,0.3191091687177116,0.3193776275397029,0.3193531458598581,250
ABACuS-Big,tpch2,tpch2,tpch2,tpch2,tpch2,tpch2,tpch2,tpch2,0.5511977007912355,0.5503682022437593,0.5508268265950494,0.5516964146154796,0.5518496627970922,0.5508463866276928,0.5502981401136272,0.5502181233833164,250
ABACuS-Big,429.mcf,429.mcf,429.mcf,429.mcf,429.mcf,429.mcf,429.mcf,429.mcf,0.09526505552099356,0.09527929037356551,0.09527294685331136,0.09508626203822268,0.09482847159826371,0.0944401803627442,0.09401483058192367,0.093661530391661,250
ABACuS-Big,473.astar,473.astar,473.astar,473.astar,473.astar,473.astar,473.astar,473.astar,0.6248687541290546,0.625173823720681,0.624582232559197,0.6250845602672794,0.6240501274505376,0.6250384261904951,0.6239946763270194,0.6235609849315366,250
ABACuS-Big,ycsb_aserver,ycsb_aserver,ycsb_aserver,ycsb_aserver,ycsb_aserver,ycsb_aserver,ycsb_aserver,ycsb_aserver,1.2772394624998278,1.271505537384364,1.2814970427949979,1.2814948339931729,1.2697014172686554,1.27415537387006,1.2755735027897015,1.2694609554591534,250
ABACuS-Big,445.gobmk,445.gobmk,445.gobmk,445.gobmk,445.gobmk,445.gobmk,445.gobmk,445.gobmk,3.306413233178329,3.325785795050047,3.306532837615726,3.3066119409163997,3.325781370715471,3.3065310336454083,3.3065574920740164,3.3065975085184567,250
ABACuS-Big,510.parest,510.parest,510.parest,510.parest,510.parest,510.parest,510.parest,510.parest,0.39765663727251765,0.3987198572672224,0.3971417194169328,0.3983402896892313,0.3964923613357722,0.3989140068794356,0.39724113331671834,0.3965120429559577,250
ABACuS-Big,538.imagick,538.imagick,538.imagick,538.imagick,538.imagick,538.imagick,538.imagick,538.imagick,3.9690058743668346,3.969005795601798,3.9690058743668346,3.969005795601798,3.969005795601798,3.9690058743668346,3.9690058743668346,3.9690058743668346,250
ABACuS-Big,520.omnetpp,520.omnetpp,520.omnetpp,520.omnetpp,520.omnetpp,520.omnetpp,520.omnetpp,520.omnetpp,0.4399073746868525,0.4399676349248526,0.43988393891011507,0.4399733376157405,0.43991087739956153,0.4399493770489501,0.43997166899231294,0.4399558931898312,250
ABACuS-Big,519.lbm,519.lbm,519.lbm,519.lbm,519.lbm,519.lbm,519.lbm,519.lbm,0.15830290020759621,0.15830029553398775,0.15831304331364285,0.1583088860944222,0.15830610830395728,0.15830997854161274,0.15832265017607708,0.15832869684237202,250
ABACuS-Big,h264_encode,h264_encode,h264_encode,h264_encode,h264_encode,h264_encode,h264_encode,h264_encode,3.9985818629564838,3.9984898503533186,3.9985989708925787,3.9981246396565226,3.9985330981476137,3.9986017689334394,3.9985554019044,3.998861923896459,250
ABACuS-Big,bfs_cm2003,bfs_cm2003,bfs_cm2003,bfs_cm2003,bfs_cm2003,bfs_cm2003,bfs_cm2003,bfs_cm2003,0.0,0.0,0.0,0.0,0.0,0.0,0.09482956423715706,0.07821603270736688,250
ABACuS-Big,435.gromacs,435.gromacs,435.gromacs,435.gromacs,435.gromacs,435.gromacs,435.gromacs,435.gromacs,2.81460659230401,2.814606829964338,2.809249882243268,2.8146105137045567,2.809251934134841,2.8146011261275397,2.8146117416201055,2.8173144426201864,250
ABACuS-Big,ycsb_cserver,ycsb_cserver,ycsb_cserver,ycsb_cserver,ycsb_cserver,ycsb_cserver,ycsb_cserver,ycsb_cserver,1.5862531746676194,1.5862613020324638,1.5862761478984235,1.5862792429190438,1.5862810546440353,1.586266422566702,1.5862754936679688,1.5862678065005493,250
ABACuS-Big,508.namd,508.namd,508.namd,508.namd,508.namd,508.namd,508.namd,508.namd,2.8877396968335356,2.887762379202012,2.8876332529045654,2.8877700512602287,2.8877718858888852,2.8877650060434426,2.8877662152260246,2.8876568925352424,250
ABACuS-Big,jp2_decode,jp2_decode,jp2_decode,jp2_decode,jp2_decode,jp2_decode,jp2_decode,jp2_decode,0.9818423620963251,0.9852651964187994,0.981246490663918,0.9853242359660392,0.9812044883629393,0.9823793658523106,0.9819184817560724,0.9825051980420008,250
ABACuS-Big,483.xalancbmk,483.xalancbmk,483.xalancbmk,483.xalancbmk,483.xalancbmk,483.xalancbmk,483.xalancbmk,483.xalancbmk,0.4880030167956096,0.4973968437742966,0.48833907692931716,0.49000262227353325,0.49038977638336534,0.48820562342088364,0.4887129543973634,0.4880572393530313,250
ABACuS-Big,jp2_encode,jp2_encode,jp2_encode,jp2_encode,jp2_encode,jp2_encode,jp2_encode,jp2_encode,0.7575837035957396,0.7575019929498683,0.7599405082093029,0.7582567841831608,0.7576218864174329,0.7593596602466933,0.7600414962895895,0.7617360482520177,250
ABACuS-Big,541.leela,541.leela,541.leela,541.leela,541.leela,541.leela,541.leela,541.leela,3.7029600944580685,3.702967498906143,3.7028939356576633,3.7028995573498324,3.702859177525363,3.702959134624375,3.7029125147297233,3.7029274603916362,250
ABACuS-Big,401.bzip2,401.bzip2,401.bzip2,401.bzip2,401.bzip2,401.bzip2,401.bzip2,401.bzip2,2.7266856718475787,2.696248503194495,2.6739473975987442,2.7153296091773145,2.6971496724547723,2.684427591250103,2.676826221525813,2.674223988000436,250
ABACuS-Big,ycsb_bserver,ycsb_bserver,ycsb_bserver,ycsb_bserver,ycsb_bserver,ycsb_bserver,ycsb_bserver,ycsb_bserver,1.4293635307914956,1.4249597358033452,1.4343564956806147,1.428192947239032,1.4247830728590039,1.4248920824140197,1.4339733907022112,1.4251473187253405,250
ABACuS-Big,531.deepsjeng,531.deepsjeng,531.deepsjeng,531.deepsjeng,531.deepsjeng,531.deepsjeng,531.deepsjeng,531.deepsjeng,3.2717145699935646,3.2716935365404,3.271733944558669,3.2717018321448466,3.2717276825884967,3.2717761733423663,3.2717114122823254,3.271738814996486,250
ABACuS-Big,450.soplex,450.soplex,450.soplex,450.soplex,450.soplex,450.soplex,450.soplex,450.soplex,0.22611832104012627,0.22433344269663444,0.20733413785751736,0.21786307167384386,0.22081780722847447,0.20292044669368997,0.22365820031362516,0.21707039808886533,250
ABACuS-Big,grep_map0,grep_map0,grep_map0,grep_map0,grep_map0,grep_map0,grep_map0,grep_map0,0.0,0.0,0.0,0.0,0.0,0.0,0.0,3.7663916660900947,250
ABACuS-Big,511.povray,511.povray,511.povray,511.povray,511.povray,511.povray,511.povray,511.povray,3.236208722582496,3.2361357794550165,3.2361347321978773,3.236118761610486,3.236077867152855,3.23607598215796,3.2366930687496427,3.2361076084740845,250
ABACuS-Big,456.hmmer,456.hmmer,456.hmmer,456.hmmer,456.hmmer,456.hmmer,456.hmmer,456.hmmer,3.2634245251085026,3.2513910182338983,3.2841791876408717,3.276436860497886,3.307648997845199,3.2549421739993134,3.2552630645629184,3.250716587964651,250
ABACuS-Big,436.cactusADM,436.cactusADM,436.cactusADM,436.cactusADM,436.cactusADM,436.cactusADM,436.cactusADM,436.cactusADM,0.891793921460396,0.8916934908131807,0.8910618124232907,0.8920802047188474,0.8911802440026555,0.8916739711112257,0.8922849213337745,0.8906818790143783,250
ABACuS-Big,tpch6,tpch6,tpch6,tpch6,tpch6,tpch6,tpch6,tpch6,2.32611331795943,2.32705539553042,2.3252751890521393,2.3267450925572217,2.326114995309622,2.4346389522950025,2.3261114241798633,2.335736253146908,250
ABACuS-Big,gups,gups,gups,gups,gups,gups,gups,gups,0.09327772830301158,0.09327116919344762,0.09327008394207756,0.09326596108703851,0.093267098652416,0.09327651935160843,0.09326882095006718,0.09326766738026956,250
ABACuS-Big,wc_8443,wc_8443,wc_8443,wc_8443,wc_8443,wc_8443,wc_8443,wc_8443,1.0559713384035445,1.0553847333279185,1.057240133203376,1.0583363684656486,1.0600898915944656,1.0636970061630817,1.0220977273120433,1.0318768319618814,250
ABACuS-Big,447.dealII,447.dealII,447.dealII,447.dealII,447.dealII,447.dealII,447.dealII,447.dealII,3.923409167928288,3.923489675699841,3.9234237914653174,3.923155890169368,3.9235286223276673,3.9233164264550795,3.923160045784847,3.9235327787328202,250
ABACuS-Big,458.sjeng,458.sjeng,458.sjeng,458.sjeng,458.sjeng,458.sjeng,458.sjeng,458.sjeng,3.339618774167882,3.337629975655327,3.3415896215840224,3.351828892755,3.3518325440549788,3.351835689796724,3.351842655388744,3.3518589459992394,250
ABACuS-Big,ycsb_dserver,ycsb_dserver,ycsb_dserver,ycsb_dserver,ycsb_dserver,ycsb_dserver,ycsb_dserver,ycsb_dserver,1.840134607318633,1.8401427001221662,1.8401389246003628,1.8401386706420533,1.8401403636987745,1.8401419213137098,1.840138230447816,1.8401435974457703,250
ABACuS-Big,525.x264,525.x264,525.x264,525.x264,525.x264,525.x264,525.x264,525.x264,3.3293040431151533,3.305770097739225,3.3232187846404018,3.3057938119209274,3.305790752007396,3.305776272136263,3.3055565761461483,3.3293051515420635,250
ABACuS-Big,403.gcc,403.gcc,403.gcc,403.gcc,403.gcc,403.gcc,403.gcc,403.gcc,3.7468292223529014,3.7468874839851005,3.746882359696585,3.7469130354411324,3.7468410149225626,3.746987164714202,3.7468652320394296,3.7468587039162373,250
ABACuS-Big,470.lbm,470.lbm,470.lbm,470.lbm,470.lbm,470.lbm,470.lbm,470.lbm,0.1426155690950958,0.14261395204529137,0.14260911494529327,0.14255971441525625,0.14244339678133291,0.14248702903349972,0.1406325526492662,0.14040864239231884,250
ABACuS-Big,434.zeusmp,434.zeusmp,434.zeusmp,434.zeusmp,434.zeusmp,434.zeusmp,434.zeusmp,434.zeusmp,0.14477721184968903,0.1447123915852659,0.14484364929767915,0.1449718557039538,0.14497548098915822,0.14513293319670847,0.14492975355209184,0.14509013390861764,250
ABACuS-Big,500.perlbench,500.perlbench,500.perlbench,500.perlbench,500.perlbench,500.perlbench,500.perlbench,500.perlbench,1.8562509948345176,1.8562507364094718,1.856250719181138,1.8319949434741165,1.8562497199383234,1.8562515978265708,1.8303588294020643,1.8166882857114388,250
ABACuS-Big,bfs_dblp,bfs_dblp,bfs_dblp,bfs_dblp,bfs_dblp,bfs_dblp,bfs_dblp,bfs_dblp,0.0,0.0,0.0,0.0,0.0,0.0,0.09332273424112099,0.0764959714345194,250
ABACuS-Big,549.fotonik3d,549.fotonik3d,549.fotonik3d,549.fotonik3d,549.fotonik3d,549.fotonik3d,549.fotonik3d,549.fotonik3d,0.21964259486802684,0.21961628442933687,0.21961263458543046,0.21964452725316458,0.2196404615890581,0.21963448071714847,0.2195843237789475,0.2196484992303231,250
ABACuS-Big,526.blender,526.blender,526.blender,526.blender,526.blender,526.blender,526.blender,526.blender,3.5670568884220324,3.5663946054429885,3.567069548742338,3.568335525451055,3.567145130815684,3.56630729047539,3.5694814830203248,3.569506647063888,250
ABACuS-Big,507.cactuBSSN,507.cactuBSSN,507.cactuBSSN,507.cactuBSSN,507.cactuBSSN,507.cactuBSSN,507.cactuBSSN,507.cactuBSSN,1.3753160760001588,1.3757667586671707,1.3753835867458106,1.3759270730032025,1.3760332220654523,1.375215399128456,1.3756309683941976,1.3747821253880073,250
ABACuS-Big,tpcc64,tpcc64,tpcc64,tpcc64,tpcc64,tpcc64,tpcc64,tpcc64,1.3233867759702975,1.3240521163860877,1.3220595760632203,1.324796257927498,1.3308359486976848,1.3247866927826284,1.3249837889889646,1.32215435082423,250
ABACuS-Big,459.GemsFDTD,459.GemsFDTD,459.GemsFDTD,459.GemsFDTD,459.GemsFDTD,459.GemsFDTD,459.GemsFDTD,459.GemsFDTD,0.213663799554161,0.21381408615260364,0.2138204818485612,0.21358498200693365,0.2136900502941223,0.21354920276242037,0.21335025069966562,0.21342824413361497,250
ABACuS-Big,471.omnetpp,471.omnetpp,471.omnetpp,471.omnetpp,471.omnetpp,471.omnetpp,471.omnetpp,471.omnetpp,0.6337619330083724,0.6287564978368702,0.6515798160237675,0.7081246429524906,0.6411532819032014,0.7124398767090021,0.6282801939547451,0.6298631993503767,250
ABACuS-Big,557.xz,557.xz,557.xz,557.xz,557.xz,557.xz,557.xz,557.xz,1.2837953591940343,1.2836640743027898,1.2837033671404532,1.2838202217244823,1.2836384186714553,1.283188055059033,1.2835812862602487,1.2836738869878286,250
ABACuS-Big,544.nab,544.nab,544.nab,544.nab,544.nab,544.nab,544.nab,544.nab,2.9228492600997082,2.922867200610201,2.922875444775783,2.922876640824394,2.9228941545054417,2.9229097461297973,2.9229106431872176,2.9229348639457124,250
ABACuS-Big,433.milc,433.milc,433.milc,433.milc,433.milc,433.milc,433.milc,433.milc,0.28622704920606484,0.2863582895532434,0.2862847559409501,0.2866442378347494,0.28667121429458603,0.28664082597709545,0.2865671845724229,0.28639546710438396,250
ABACuS-Big,481.wrf,481.wrf,481.wrf,481.wrf,481.wrf,481.wrf,481.wrf,481.wrf,3.9553927419215604,3.955403537091925,3.9553751412266696,3.9553913338602045,3.955397748370055,3.9553825726120726,3.955397748370055,3.9554001733731003,250
ABACuS-Big,ycsb_eserver,ycsb_eserver,ycsb_eserver,ycsb_eserver,ycsb_eserver,ycsb_eserver,ycsb_eserver,ycsb_eserver,1.5034375837250296,1.503448015195289,1.503444692479409,1.503444522953482,1.5034489419417933,1.5034532366356312,1.5034458904637134,1.5034393693835593,250
ABACuS-Big,482.sphinx3,482.sphinx3,482.sphinx3,482.sphinx3,482.sphinx3,482.sphinx3,482.sphinx3,482.sphinx3,0.47207598219662683,0.4729895218536626,0.4729861716840523,0.4718134537927182,0.47165069896369666,0.4720314252844445,0.4711433163951893,0.47085687964007533,250
ABACuS-Big,502.gcc,502.gcc,502.gcc,502.gcc,502.gcc,502.gcc,502.gcc,502.gcc,2.296419537478141,2.296185416053872,2.2963107494462505,2.308523926800123,2.2985676659475063,2.2962352946795495,2.296393618308356,2.296239776480346,500
ABACuS-Big,462.libquantum,462.libquantum,462.libquantum,462.libquantum,462.libquantum,462.libquantum,462.libquantum,462.libquantum,0.265176358560271,0.2647641417944838,0.2650988919670891,0.2646981310185101,0.26480589050323033,0.26460169282928475,0.26466623036967923,0.26446698998205787,500
ABACuS-Big,wc_map0,wc_map0,wc_map0,wc_map0,wc_map0,wc_map0,wc_map0,wc_map0,1.0666777771823939,1.0688456810278786,1.0669456430778534,1.0715923796322608,1.0694315150174278,1.079115044298401,1.0397124080620006,1.0403616467703485,500
ABACuS-Big,523.xalancbmk,523.xalancbmk,523.xalancbmk,523.xalancbmk,523.xalancbmk,523.xalancbmk,523.xalancbmk,523.xalancbmk,1.9327523370285593,1.932559920276492,1.9324309479859834,1.9324745094534237,1.9327408876920413,1.9328190185680414,1.9328612339098121,1.9324415907692984,500
ABACuS-Big,464.h264ref,464.h264ref,464.h264ref,464.h264ref,464.h264ref,464.h264ref,464.h264ref,464.h264ref,3.747861704352853,3.7470131387329553,3.747648701781698,3.7465605403439475,3.74002929228342,3.7470381302909233,3.74790840943883,3.744254745314014,500
ABACuS-Big,ycsb_abgsave,ycsb_abgsave,ycsb_abgsave,ycsb_abgsave,ycsb_abgsave,ycsb_abgsave,ycsb_abgsave,ycsb_abgsave,2.181157877910931,2.181145104233326,2.1812059292113393,2.1812488679318376,2.1812390192337947,2.1812386386095683,2.181276035574431,2.1813296115778344,500
ABACuS-Big,505.mcf,505.mcf,505.mcf,505.mcf,505.mcf,505.mcf,505.mcf,505.mcf,0.7230802083084172,0.7237773092397325,0.7232381158290287,0.7290737541909392,0.7267579659268394,0.7154193473429612,0.7115417754074456,0.7230351601767446,500
ABACuS-Big,bfs_ny,bfs_ny,bfs_ny,bfs_ny,bfs_ny,bfs_ny,bfs_ny,bfs_ny,0.0,0.0,0.0,0.0,0.0,0.0,0.06386424588770034,0.01840674487938848,500
ABACuS-Big,444.namd,444.namd,444.namd,444.namd,444.namd,444.namd,444.namd,444.namd,3.9231336500806058,3.9231019449229048,3.9231020988301997,3.9231203369301286,3.948335165722781,3.9230282247169415,3.9231179513462364,3.9230307640934097,500
ABACuS-Big,tpch17,tpch17,tpch17,tpch17,tpch17,tpch17,tpch17,tpch17,0.6277697771484149,0.6284867620670606,0.6306510810543576,0.6280914306917217,0.6294784341553992,0.6291055111102298,0.6286188328972228,0.6306383423149003,500
ABACuS-Big,437.leslie3d,437.leslie3d,437.leslie3d,437.leslie3d,437.leslie3d,437.leslie3d,437.leslie3d,437.leslie3d,0.325714825032893,0.32571274992283333,0.32561874366728527,0.32575492833246616,0.32555176657972196,0.32553714251104104,0.3257492734944253,0.3257975098690337,500
ABACuS-Big,tpch2,tpch2,tpch2,tpch2,tpch2,tpch2,tpch2,tpch2,0.5634717355336845,0.5617944230723801,0.5620468090118406,0.5630313877921671,0.5630829453443145,0.5625015607660494,0.5615093688526042,0.5619432171776286,500
ABACuS-Big,429.mcf,429.mcf,429.mcf,429.mcf,429.mcf,429.mcf,429.mcf,429.mcf,0.0992757162418047,0.09926977254585045,0.09925463323754474,0.09906070167183399,0.09880606676462778,0.09837253235029543,0.09793624897068023,0.0976029770274435,500
ABACuS-Big,473.astar,473.astar,473.astar,473.astar,473.astar,473.astar,473.astar,473.astar,0.6445410463944706,0.6439216228001984,0.6429963795895949,0.6443737761872013,0.6438765779257939,0.6438013803597322,0.6422055599492227,0.6441863392343948,500
ABACuS-Big,ycsb_aserver,ycsb_aserver,ycsb_aserver,ycsb_aserver,ycsb_aserver,ycsb_aserver,ycsb_aserver,ycsb_aserver,1.3165789793249112,1.3191427867194772,1.3217319107902863,1.3217249141914709,1.3191917908172353,1.3138888470269303,1.3107789693326612,1.3133796380647496,500
ABACuS-Big,445.gobmk,445.gobmk,445.gobmk,445.gobmk,445.gobmk,445.gobmk,445.gobmk,445.gobmk,3.324836326204147,3.342915354474888,3.324722468376362,3.3247986859331657,3.342915075097835,3.334689996380194,3.3246270769963515,3.3247853655715383,500
ABACuS-Big,510.parest,510.parest,510.parest,510.parest,510.parest,510.parest,510.parest,510.parest,0.4043018288700369,0.40511201370472877,0.4034672287142688,0.40452846313641744,0.4038991315475985,0.40496453556489365,0.40356404275130664,0.403617503405003,500
ABACuS-Big,538.imagick,538.imagick,538.imagick,538.imagick,538.imagick,538.imagick,538.imagick,538.imagick,3.9690058743668346,3.969005795601798,3.9690058743668346,3.969005795601798,3.969005795601798,3.9690058743668346,3.9690058743668346,3.9690058743668346,500
ABACuS-Big,520.omnetpp,520.omnetpp,520.omnetpp,520.omnetpp,520.omnetpp,520.omnetpp,520.omnetpp,520.omnetpp,0.45970203042985636,0.4597440754608478,0.45962949895781424,0.45973413519793405,0.45965857218569806,0.4597515018765528,0.4597447729651353,0.4597074510045637,500
ABACuS-Big,519.lbm,519.lbm,519.lbm,519.lbm,519.lbm,519.lbm,519.lbm,519.lbm,0.16230660486342782,0.1622986138444621,0.16231165663755925,0.1623028838069719,0.16229838125517773,0.16230989930843265,0.16231479189363668,0.16232520954340132,500
ABACuS-Big,h264_encode,h264_encode,h264_encode,h264_encode,h264_encode,h264_encode,h264_encode,h264_encode,3.9985818629564838,3.9984898503533186,3.9985989708925787,3.9981246396565226,3.9985330981476137,3.9986017689334394,3.9985554019044,3.998861923896459,500
ABACuS-Big,bfs_cm2003,bfs_cm2003,bfs_cm2003,bfs_cm2003,bfs_cm2003,bfs_cm2003,bfs_cm2003,bfs_cm2003,0.0,0.0,0.0,0.0,0.0,0.0,0.09636693466564963,0.07953951937882715,500
ABACuS-Big,435.gromacs,435.gromacs,435.gromacs,435.gromacs,435.gromacs,435.gromacs,435.gromacs,435.gromacs,2.831849505549165,2.829177768654937,2.8264068136076,2.8169166039304128,2.823712321882874,2.8318439320968567,2.8291753273617553,2.829171725461476,500
ABACuS-Big,ycsb_cserver,ycsb_cserver,ycsb_cserver,ycsb_cserver,ycsb_cserver,ycsb_cserver,ycsb_cserver,ycsb_cserver,1.5864424909203136,1.5864497015844483,1.5864531873914856,1.586459076804244,1.586460146467236,1.5864526336882614,1.5864581959063921,1.5864428558563652,500
ABACuS-Big,508.namd,508.namd,508.namd,508.namd,508.namd,508.namd,508.namd,508.namd,2.889672060653754,2.889712309200604,2.889638242720828,2.8896678438065755,2.889698781555619,2.889648972522458,2.8896947733888356,2.8896955666709623,500
ABACuS-Big,jp2_decode,jp2_decode,jp2_decode,jp2_decode,jp2_decode,jp2_decode,jp2_decode,jp2_decode,0.9937906963501347,0.9965646125706082,0.990967062707479,0.9965489162239045,0.9906898484987053,0.9960711368506517,0.9957891066048998,0.9934084518008923,500
ABACuS-Big,483.xalancbmk,483.xalancbmk,483.xalancbmk,483.xalancbmk,483.xalancbmk,483.xalancbmk,483.xalancbmk,483.xalancbmk,0.5024274909833735,0.5123731099346951,0.5026274055989521,0.5039646889480426,0.5049444067948077,0.5027570808678052,0.5027324792213502,0.5022918333182023,500
ABACuS-Big,jp2_encode,jp2_encode,jp2_encode,jp2_encode,jp2_encode,jp2_encode,jp2_encode,jp2_encode,0.767490599420174,0.770563393418168,0.768000541655422,0.7678568488776636,0.7678816926519048,0.7705159216270193,0.7687227174301938,0.7695977134205282,500
ABACuS-Big,541.leela,541.leela,541.leela,541.leela,541.leela,541.leela,541.leela,541.leela,3.7029600944580685,3.702967498906143,3.7028939356576633,3.7028995573498324,3.702859177525363,3.702959134624375,3.7029125147297233,3.7029274603916362,500
ABACuS-Big,401.bzip2,401.bzip2,401.bzip2,401.bzip2,401.bzip2,401.bzip2,401.bzip2,401.bzip2,2.745591928135449,2.7079317921807493,2.67772915125773,2.7078794363256504,2.6859758606246054,2.6779698776324428,2.678912978016693,2.6782520350597654,500
ABACuS-Big,ycsb_bserver,ycsb_bserver,ycsb_bserver,ycsb_bserver,ycsb_bserver,ycsb_bserver,ycsb_bserver,ycsb_bserver,1.4577425011867118,1.4407976048065354,1.437639721059653,1.4399265867828994,1.4402345197238786,1.4377781071727422,1.4581746869652554,1.438960714652932,500
ABACuS-Big,531.deepsjeng,531.deepsjeng,531.deepsjeng,531.deepsjeng,531.deepsjeng,531.deepsjeng,531.deepsjeng,531.deepsjeng,3.2717145699935646,3.2716935365404,3.271733944558669,3.2717018321448466,3.2717276825884967,3.2717761733423663,3.2717114122823254,3.271738814996486,500
ABACuS-Big,450.soplex,450.soplex,450.soplex,450.soplex,450.soplex,450.soplex,450.soplex,450.soplex,0.21769399649200058,0.23411466257474503,0.22096154674037272,0.22485959415597784,0.22579024803067776,0.2160840673767625,0.2337324996705891,0.22684442386269862,500
ABACuS-Big,grep_map0,grep_map0,grep_map0,grep_map0,grep_map0,grep_map0,grep_map0,grep_map0,0.0,0.0,0.0,0.0,0.0,0.0,0.0,3.7653979359142826,500
ABACuS-Big,511.povray,511.povray,511.povray,511.povray,511.povray,511.povray,511.povray,511.povray,3.236208722582496,3.2361357794550165,3.2361347321978773,3.236118761610486,3.236077867152855,3.23607598215796,3.2366930687496427,3.2361076084740845,500
ABACuS-Big,456.hmmer,456.hmmer,456.hmmer,456.hmmer,456.hmmer,456.hmmer,456.hmmer,456.hmmer,3.266840123898832,3.2605344567004857,3.278874775427817,3.300178311934372,3.3264194813220547,3.2648121097366034,3.2642525016823143,3.2599380024990685,500
ABACuS-Big,436.cactusADM,436.cactusADM,436.cactusADM,436.cactusADM,436.cactusADM,436.cactusADM,436.cactusADM,436.cactusADM,0.9095866917206863,0.9100790273949031,0.9088441331221082,0.9106833009346366,0.9100106444400086,0.9088035123728964,0.9104700270103225,0.9084515697813742,500
ABACuS-Big,tpch6,tpch6,tpch6,tpch6,tpch6,tpch6,tpch6,tpch6,2.347710642879005,2.35733283207008,2.349044112288302,2.347385687804018,2.348576112907139,2.434201672707929,2.3477130956082095,2.349433775887559,500
ABACuS-Big,gups,gups,gups,gups,gups,gups,gups,gups,0.09326585761802597,0.09327200174408197,0.09325955026919225,0.09326594947448973,0.09326459447952297,0.09327084774762388,0.09326670538351031,0.09327107010612257,500
ABACuS-Big,wc_8443,wc_8443,wc_8443,wc_8443,wc_8443,wc_8443,wc_8443,wc_8443,1.0790153150092687,1.0784094411899576,1.0787547435610383,1.0823622820903018,1.0830659663150564,1.0887890780214113,1.04186580954867,1.0526575685087045,500
ABACuS-Big,447.dealII,447.dealII,447.dealII,447.dealII,447.dealII,447.dealII,447.dealII,447.dealII,3.923409167928288,3.923489675699841,3.9234237914653174,3.923155890169368,3.9235286223276673,3.9233164264550795,3.923160045784847,3.9235327787328202,500
ABACuS-Big,458.sjeng,458.sjeng,458.sjeng,458.sjeng,458.sjeng,458.sjeng,458.sjeng,458.sjeng,3.356499951943312,3.3432056524647793,3.3564911080844513,3.3463453182412044,3.356527554095518,3.3565214139856647,3.356505753990684,3.3565488474945484,500
ABACuS-Big,ycsb_dserver,ycsb_dserver,ycsb_dserver,ycsb_dserver,ycsb_dserver,ycsb_dserver,ycsb_dserver,ycsb_dserver,1.845353609980381,1.84535767935864,1.8453596374340724,1.8453566918091286,1.8453586158289805,1.8453589904173828,1.8453603355315358,1.8453631619803224,500
ABACuS-Big,525.x264,525.x264,525.x264,525.x264,525.x264,525.x264,525.x264,525.x264,3.3009587948410704,3.3067354961455697,3.31597112956368,3.300970944292583,3.308915850597023,3.3133392087673075,3.300955634908695,3.300953564611454,500
ABACuS-Big,403.gcc,403.gcc,403.gcc,403.gcc,403.gcc,403.gcc,403.gcc,403.gcc,3.7454334504923645,3.7454673992176657,3.745459613401899,3.7454186507241674,3.7454145124212834,3.7454617176732383,3.7454030093901185,3.7454269974984853,500
ABACuS-Big,470.lbm,470.lbm,470.lbm,470.lbm,470.lbm,470.lbm,470.lbm,470.lbm,0.14644760688988043,0.14640489036958046,0.14636902623736442,0.14632175169769832,0.1463503589821004,0.14623487816199837,0.14435212856365492,0.14408905207153347,500
ABACuS-Big,434.zeusmp,434.zeusmp,434.zeusmp,434.zeusmp,434.zeusmp,434.zeusmp,434.zeusmp,434.zeusmp,0.15171995828684293,0.1517411375220658,0.15171013063930022,0.15190373196382337,0.1517369116779549,0.1517395925352806,0.15154287249510268,0.15182035620726583,500
ABACuS-Big,500.perlbench,500.perlbench,500.perlbench,500.perlbench,500.perlbench,500.perlbench,500.perlbench,500.perlbench,1.8911234108937256,1.8848713421691956,1.891128739666896,1.8911293834133391,1.8848747350419806,1.8911317617026093,1.8848802062971228,1.891130527852542,500
ABACuS-Big,bfs_dblp,bfs_dblp,bfs_dblp,bfs_dblp,bfs_dblp,bfs_dblp,bfs_dblp,bfs_dblp,0.0,0.0,0.0,0.0,0.0,0.0,0.09499865632713007,0.07796875500072102,500
ABACuS-Big,549.fotonik3d,549.fotonik3d,549.fotonik3d,549.fotonik3d,549.fotonik3d,549.fotonik3d,549.fotonik3d,549.fotonik3d,0.22540823284951764,0.2254882229570004,0.22537845871952486,0.22548658601608274,0.225481782358359,0.22545825893243668,0.22548894444898898,0.22548615867138766,500
ABACuS-Big,526.blender,526.blender,526.blender,526.blender,526.blender,526.blender,526.blender,526.blender,3.5670541527867385,3.567079918820395,3.567059178724575,3.568030404757012,3.567103458485158,3.567217789329856,3.569747602780619,3.569777103296159,500
ABACuS-Big,507.cactuBSSN,507.cactuBSSN,507.cactuBSSN,507.cactuBSSN,507.cactuBSSN,507.cactuBSSN,507.cactuBSSN,507.cactuBSSN,1.4229169395999222,1.4230444762945516,1.4227487277780877,1.4234035687389233,1.4236019291258213,1.4229157045384977,1.423011914145906,1.4221677323396136,500
ABACuS-Big,tpcc64,tpcc64,tpcc64,tpcc64,tpcc64,tpcc64,tpcc64,tpcc64,1.3458392394086438,1.364429034886131,1.3479404608767493,1.34655626449349,1.342339473666142,1.3452260825293243,1.3465380147442008,1.3456698061367522,500
ABACuS-Big,459.GemsFDTD,459.GemsFDTD,459.GemsFDTD,459.GemsFDTD,459.GemsFDTD,459.GemsFDTD,459.GemsFDTD,459.GemsFDTD,0.2188353651456594,0.21877596932286603,0.21893651711604695,0.21872886774967706,0.2187244247238955,0.21868088836539212,0.2184446873694998,0.21893598242252324,500
ABACuS-Big,471.omnetpp,471.omnetpp,471.omnetpp,471.omnetpp,471.omnetpp,471.omnetpp,471.omnetpp,471.omnetpp,0.6500220820626553,0.6444008661198721,0.6746020715484778,0.7225293666461471,0.6471063668148325,0.7284612051064839,0.6443413410238823,0.656233983481731,500
ABACuS-Big,557.xz,557.xz,557.xz,557.xz,557.xz,557.xz,557.xz,557.xz,1.3523389059748645,1.3523403141681287,1.3520366329458364,1.352081091442042,1.3520273010546415,1.3516289101745813,1.352035581844896,1.351973039710747,500
ABACuS-Big,544.nab,544.nab,544.nab,544.nab,544.nab,544.nab,544.nab,544.nab,2.9228492600997082,2.922867200610201,2.922875444775783,2.922876640824394,2.9228941545054417,2.9229097461297973,2.9229106431872176,2.9229348639457124,500
ABACuS-Big,433.milc,433.milc,433.milc,433.milc,433.milc,433.milc,433.milc,433.milc,0.29928879853160534,0.29929922438760953,0.29914310651581566,0.2994659844703768,0.29956758811644674,0.29954776031502034,0.29939695988285076,0.29936394292728213,500
ABACuS-Big,481.wrf,481.wrf,481.wrf,481.wrf,481.wrf,481.wrf,481.wrf,481.wrf,3.9553927419215604,3.955403537091925,3.9553751412266696,3.9553913338602045,3.955397748370055,3.9553825726120726,3.955397748370055,3.9554001733731003,500
ABACuS-Big,ycsb_eserver,ycsb_eserver,ycsb_eserver,ycsb_eserver,ycsb_eserver,ycsb_eserver,ycsb_eserver,ycsb_eserver,1.5090702478613929,1.5090744153191153,1.5090815205460129,1.509074939099583,1.5090870316975658,1.5090847315839655,1.5090800858313445,1.5090725707038415,500
ABACuS-Big,482.sphinx3,482.sphinx3,482.sphinx3,482.sphinx3,482.sphinx3,482.sphinx3,482.sphinx3,482.sphinx3,0.48385537550245994,0.48334146950084633,0.48343721851263655,0.4828924485037457,0.48231597752969924,0.4827601778409322,0.48170325105714956,0.48146413397209437,500
ABACuS-Big,502.gcc,502.gcc,502.gcc,502.gcc,502.gcc,502.gcc,502.gcc,502.gcc,2.2885966096729824,2.288366777413321,2.2889548964985527,2.2889998245023833,2.2886782941212744,2.288474395066681,2.2883671701600767,2.290928018972916,1000
ABACuS-Big,462.libquantum,462.libquantum,462.libquantum,462.libquantum,462.libquantum,462.libquantum,462.libquantum,462.libquantum,0.2678485207654293,0.2679714715695567,0.2676520652160487,0.2674767224169558,0.26783283762496957,0.2674198918743558,0.2676645081759081,0.2671391806685052,1000
ABACuS-Big,wc_map0,wc_map0,wc_map0,wc_map0,wc_map0,wc_map0,wc_map0,wc_map0,1.0754497413863318,1.0714028788048937,1.072091179296384,1.0729295711594384,1.0736223134876342,1.0837950092345296,1.0475048256976063,1.0485251351082305,1000
ABACuS-Big,523.xalancbmk,523.xalancbmk,523.xalancbmk,523.xalancbmk,523.xalancbmk,523.xalancbmk,523.xalancbmk,523.xalancbmk,1.9120689033914853,1.9121761766693224,1.9121653171703352,1.9120410815793074,1.9122564201236534,1.9123865718105078,1.9126245037265384,1.9120852824453505,1000
ABACuS-Big,464.h264ref,464.h264ref,464.h264ref,464.h264ref,464.h264ref,464.h264ref,464.h264ref,464.h264ref,3.747861704352853,3.7470131387329553,3.747648701781698,3.7465605403439475,3.74002929228342,3.7470381302909233,3.74790840943883,3.744254745314014,1000
ABACuS-Big,ycsb_abgsave,ycsb_abgsave,ycsb_abgsave,ycsb_abgsave,ycsb_abgsave,ycsb_abgsave,ycsb_abgsave,ycsb_abgsave,2.181157877910931,2.181145104233326,2.1812059292113393,2.1812488679318376,2.1812390192337947,2.1812386386095683,2.181276035574431,2.1813296115778344,1000
ABACuS-Big,505.mcf,505.mcf,505.mcf,505.mcf,505.mcf,505.mcf,505.mcf,505.mcf,0.7260722816065245,0.7186312956965739,0.7162749889989115,0.7219708516253373,0.7273935116265997,0.716448380248845,0.710554392691843,0.705466048296516,1000
ABACuS-Big,bfs_ny,bfs_ny,bfs_ny,bfs_ny,bfs_ny,bfs_ny,bfs_ny,bfs_ny,0.0,0.0,0.0,0.0,0.0,0.0,0.06885111633948664,0.01903359425245752,1000
ABACuS-Big,444.namd,444.namd,444.namd,444.namd,444.namd,444.namd,444.namd,444.namd,3.9231336500806058,3.9231019449229048,3.9231020988301997,3.9231203369301286,3.948335165722781,3.9230282247169415,3.9231179513462364,3.9230307640934097,1000
ABACuS-Big,tpch17,tpch17,tpch17,tpch17,tpch17,tpch17,tpch17,tpch17,0.6320778817037421,0.6331190634720475,0.6342345300732165,0.6334390872558289,0.6343761730111045,0.6323081044412509,0.6337406299863505,0.6336508930756477,1000
ABACuS-Big,437.leslie3d,437.leslie3d,437.leslie3d,437.leslie3d,437.leslie3d,437.leslie3d,437.leslie3d,437.leslie3d,0.3292573414632898,0.32912292193802967,0.32915158153311047,0.3294403824555101,0.3293993883570515,0.329132012021132,0.32910671398907465,0.32936961485002697,1000
ABACuS-Big,tpch2,tpch2,tpch2,tpch2,tpch2,tpch2,tpch2,tpch2,0.5705790558350491,0.5706024678482556,0.5717058471309847,0.5715282263559944,0.5716212584219711,0.5712073917663739,0.5706916373173035,0.5717917539463895,1000
ABACuS-Big,429.mcf,429.mcf,429.mcf,429.mcf,429.mcf,429.mcf,429.mcf,429.mcf,0.10144231253105723,0.10144533006521927,0.10140546391054782,0.10128044516831176,0.10098826102355037,0.10055686329476946,0.10013493192089834,0.09976486802350283,1000
ABACuS-Big,473.astar,473.astar,473.astar,473.astar,473.astar,473.astar,473.astar,473.astar,0.6503358723020252,0.6512137189422869,0.6509933274453373,0.6510341178921617,0.6507892845657007,0.6495869576969973,0.6489250998612179,0.6505569085910424,1000
ABACuS-Big,ycsb_aserver,ycsb_aserver,ycsb_aserver,ycsb_aserver,ycsb_aserver,ycsb_aserver,ycsb_aserver,ycsb_aserver,1.3178720409769644,1.3246065603921577,1.3205124079373414,1.320518955762397,1.324606823579591,1.318409987008388,1.3185880293027443,1.3175709422851685,1000
ABACuS-Big,445.gobmk,445.gobmk,445.gobmk,445.gobmk,445.gobmk,445.gobmk,445.gobmk,445.gobmk,3.3349495610556064,3.3499393175242327,3.3349762538018313,3.3350523860857413,3.3499440869207313,3.3349660771419343,3.3349709708285586,3.334982204118086,1000
ABACuS-Big,510.parest,510.parest,510.parest,510.parest,510.parest,510.parest,510.parest,510.parest,0.40806344299457553,0.40954739424661557,0.40763275124606146,0.40908836521209985,0.4083080104958432,0.4095501626335982,0.4076901666603563,0.40732073732377083,1000
ABACuS-Big,538.imagick,538.imagick,538.imagick,538.imagick,538.imagick,538.imagick,538.imagick,538.imagick,3.9690058743668346,3.969005795601798,3.9690058743668346,3.969005795601798,3.969005795601798,3.9690058743668346,3.9690058743668346,3.9690058743668346,1000
ABACuS-Big,520.omnetpp,520.omnetpp,520.omnetpp,520.omnetpp,520.omnetpp,520.omnetpp,520.omnetpp,520.omnetpp,0.4710186432640991,0.47103141933594245,0.47092559641885007,0.4710418840951843,0.4709448824076177,0.47101022499141065,0.47102466014516853,0.4709929822822778,1000
ABACuS-Big,519.lbm,519.lbm,519.lbm,519.lbm,519.lbm,519.lbm,519.lbm,519.lbm,0.16446752519926397,0.16446513053597822,0.164477688755307,0.164465872757828,0.16447024413142333,0.16447408498085017,0.16448081017931074,0.16448782488795255,1000
ABACuS-Big,h264_encode,h264_encode,h264_encode,h264_encode,h264_encode,h264_encode,h264_encode,h264_encode,3.9985818629564838,3.9984898503533186,3.9985989708925787,3.9981246396565226,3.9985330981476137,3.9986017689334394,3.9985554019044,3.998861923896459,1000
ABACuS-Big,bfs_cm2003,bfs_cm2003,bfs_cm2003,bfs_cm2003,bfs_cm2003,bfs_cm2003,bfs_cm2003,bfs_cm2003,0.0,0.0,0.0,0.0,0.0,0.0,0.09700975021426034,0.08007506008719403,1000
ABACuS-Big,435.gromacs,435.gromacs,435.gromacs,435.gromacs,435.gromacs,435.gromacs,435.gromacs,435.gromacs,2.8348925951329713,2.8321797416817005,2.829433327317958,2.818240866733069,2.8321759717029367,2.832173404914628,2.8321819074187204,2.8321782577526915,1000
ABACuS-Big,ycsb_cserver,ycsb_cserver,ycsb_cserver,ycsb_cserver,ycsb_cserver,ycsb_cserver,ycsb_cserver,ycsb_cserver,1.586195580960628,1.5862014936212572,1.5862013300789874,1.586207544708945,1.5862092807883639,1.5862040474010748,1.5862085133904709,1.5861983234232686,1000
ABACuS-Big,508.namd,508.namd,508.namd,508.namd,508.namd,508.namd,508.namd,508.namd,2.889672060653754,2.889712309200604,2.889638242720828,2.8896678438065755,2.889698781555619,2.889648972522458,2.8896947733888356,2.8896955666709623,1000
ABACuS-Big,jp2_decode,jp2_decode,jp2_decode,jp2_decode,jp2_decode,jp2_decode,jp2_decode,jp2_decode,1.002121134689134,1.0051344226320167,1.0012563063252355,1.0052008236193364,1.0008663198604817,1.0029982928868755,1.004489772960651,1.0022116355377813,1000
ABACuS-Big,483.xalancbmk,483.xalancbmk,483.xalancbmk,483.xalancbmk,483.xalancbmk,483.xalancbmk,483.xalancbmk,483.xalancbmk,0.5103552157786317,0.519845230742182,0.5105447178498485,0.5122360527976965,0.512621779871775,0.510692848561211,0.5109636120968132,0.5104184287267861,1000
ABACuS-Big,jp2_encode,jp2_encode,jp2_encode,jp2_encode,jp2_encode,jp2_encode,jp2_encode,jp2_encode,0.773934531972437,0.7736987126535438,0.7753381976759626,0.7744301412919526,0.7742926328669221,0.7745042435126227,0.777063971562225,0.7760612062710464,1000
ABACuS-Big,541.leela,541.leela,541.leela,541.leela,541.leela,541.leela,541.leela,541.leela,3.7029600944580685,3.702967498906143,3.7028939356576633,3.7028995573498324,3.702859177525363,3.702959134624375,3.7029125147297233,3.7029274603916362,1000
ABACuS-Big,401.bzip2,401.bzip2,401.bzip2,401.bzip2,401.bzip2,401.bzip2,401.bzip2,401.bzip2,2.738849933085103,2.710708303471493,2.6759784651703407,2.716262357805363,2.677153576962965,2.676660173713639,2.6772940604994298,2.6773127330182405,1000
ABACuS-Big,ycsb_bserver,ycsb_bserver,ycsb_bserver,ycsb_bserver,ycsb_bserver,ycsb_bserver,ycsb_bserver,ycsb_bserver,1.4662672212626928,1.4429266627545558,1.4424261688936657,1.4406119708127116,1.4426039462863731,1.4419044096681133,1.4666842883894968,1.4398876495983872,1000
ABACuS-Big,531.deepsjeng,531.deepsjeng,531.deepsjeng,531.deepsjeng,531.deepsjeng,531.deepsjeng,531.deepsjeng,531.deepsjeng,3.2717145699935646,3.2716935365404,3.271733944558669,3.2717018321448466,3.2717276825884967,3.2717761733423663,3.2717114122823254,3.271738814996486,1000
ABACuS-Big,450.soplex,450.soplex,450.soplex,450.soplex,450.soplex,450.soplex,450.soplex,450.soplex,0.23223180901707485,0.23079738973737504,0.2156279740117705,0.22422630360783688,0.22841469693252767,0.21114535775029933,0.2313033947334093,0.2266964550947114,1000
ABACuS-Big,grep_map0,grep_map0,grep_map0,grep_map0,grep_map0,grep_map0,grep_map0,grep_map0,0.0,0.0,0.0,0.0,0.0,0.0,0.0,3.7692333613035576,1000
ABACuS-Big,511.povray,511.povray,511.povray,511.povray,511.povray,511.povray,511.povray,511.povray,3.236208722582496,3.2361357794550165,3.2361347321978773,3.236118761610486,3.236077867152855,3.23607598215796,3.2366930687496427,3.2361076084740845,1000
ABACuS-Big,456.hmmer,456.hmmer,456.hmmer,456.hmmer,456.hmmer,456.hmmer,456.hmmer,456.hmmer,3.2618821314325173,3.258121870635033,3.2796806548708908,3.2923244689801634,3.3331618421565543,3.264419319623523,3.261482812613413,3.2574819433296844,1000
ABACuS-Big,436.cactusADM,436.cactusADM,436.cactusADM,436.cactusADM,436.cactusADM,436.cactusADM,436.cactusADM,436.cactusADM,0.9186128954464887,0.9182365577272804,0.9184289055733439,0.9174911326087642,0.917143832145363,0.9172956937801325,0.9183647441244114,0.9169759561614336,1000
ABACuS-Big,tpch6,tpch6,tpch6,tpch6,tpch6,tpch6,tpch6,tpch6,2.354527324578031,2.3550513024375723,2.3625258046881017,2.3552529542261653,2.3599182887732186,2.41691001727994,2.3545323694458595,2.3532383489463244,1000
ABACuS-Big,gups,gups,gups,gups,gups,gups,gups,gups,0.09326585761802597,0.09327200174408197,0.09325955026919225,0.09326594947448973,0.09326459447952297,0.09327084774762388,0.09326670538351031,0.09327107010612257,1000
ABACuS-Big,wc_8443,wc_8443,wc_8443,wc_8443,wc_8443,wc_8443,wc_8443,wc_8443,1.0890161175528865,1.0885154177976886,1.0900705452234187,1.0900163219589059,1.0909458081779184,1.099013687418692,1.0525998679913453,1.0628268292139849,1000
ABACuS-Big,447.dealII,447.dealII,447.dealII,447.dealII,447.dealII,447.dealII,447.dealII,447.dealII,3.923409167928288,3.923489675699841,3.9234237914653174,3.923155890169368,3.9235286223276673,3.9233164264550795,3.923160045784847,3.9235327787328202,1000
ABACuS-Big,458.sjeng,458.sjeng,458.sjeng,458.sjeng,458.sjeng,458.sjeng,458.sjeng,458.sjeng,3.356524681197286,3.3435353512995754,3.3553165846890125,3.34708124641423,3.3565486221661605,3.3565153302292505,3.3565571283337996,3.3565608462749172,1000
ABACuS-Big,ycsb_dserver,ycsb_dserver,ycsb_dserver,ycsb_dserver,ycsb_dserver,ycsb_dserver,ycsb_dserver,ycsb_dserver,1.8454748136333419,1.8454807226758563,1.8454817614451657,1.8454824426060035,1.8454827491285446,1.8454828683317825,1.8454830726802263,1.8454852013125387,1000
ABACuS-Big,525.x264,525.x264,525.x264,525.x264,525.x264,525.x264,525.x264,525.x264,3.3338801452418223,3.3387660621775064,3.309785533178978,3.309859205043643,3.3097875050226024,3.333874699019876,3.3097604471512843,3.3098520294241873,1000
ABACuS-Big,403.gcc,403.gcc,403.gcc,403.gcc,403.gcc,403.gcc,403.gcc,403.gcc,3.7454334504923645,3.7454673992176657,3.745459613401899,3.7454186507241674,3.7454145124212834,3.7454617176732383,3.7454030093901185,3.7454269974984853,1000
ABACuS-Big,470.lbm,470.lbm,470.lbm,470.lbm,470.lbm,470.lbm,470.lbm,470.lbm,0.14801333540946704,0.14796990907604216,0.14787420668926188,0.14790169210872436,0.1478636434926467,0.14775801510878012,0.14588647977791644,0.14573886247272014,1000
ABACuS-Big,434.zeusmp,434.zeusmp,434.zeusmp,434.zeusmp,434.zeusmp,434.zeusmp,434.zeusmp,434.zeusmp,0.1550452062051783,0.15480880525052146,0.15494220727329477,0.1551065056425583,0.15509129788900178,0.15511382949269267,0.15503358781750531,0.15508237702922809,1000
ABACuS-Big,500.perlbench,500.perlbench,500.perlbench,500.perlbench,500.perlbench,500.perlbench,500.perlbench,500.perlbench,1.905106384283924,1.8953845887909115,1.9051104674018025,1.9051097596601163,1.895388720155067,1.9051132802265225,1.9051197043863857,1.8953863131841953,1000
ABACuS-Big,bfs_dblp,bfs_dblp,bfs_dblp,bfs_dblp,bfs_dblp,bfs_dblp,bfs_dblp,bfs_dblp,0.0,0.0,0.0,0.0,0.0,0.0,0.0955269508603103,0.07850026234748426,1000
ABACuS-Big,549.fotonik3d,549.fotonik3d,549.fotonik3d,549.fotonik3d,549.fotonik3d,549.fotonik3d,549.fotonik3d,549.fotonik3d,0.22838935527232346,0.2284584345962494,0.2284529223384845,0.2284670131410045,0.22846286093111082,0.2284211099905241,0.22842213082250754,0.22847221862299147,1000
ABACuS-Big,526.blender,526.blender,526.blender,526.blender,526.blender,526.blender,526.blender,526.blender,3.5670541527867385,3.567079918820395,3.567059178724575,3.568030404757012,3.567103458485158,3.567217789329856,3.569747602780619,3.569777103296159,1000
ABACuS-Big,507.cactuBSSN,507.cactuBSSN,507.cactuBSSN,507.cactuBSSN,507.cactuBSSN,507.cactuBSSN,507.cactuBSSN,507.cactuBSSN,1.4478193177087761,1.4478835370552525,1.4477924870920613,1.4477797324171513,1.449729411267278,1.4487323606331783,1.448263550829981,1.4471883489297304,1000
ABACuS-Big,tpcc64,tpcc64,tpcc64,tpcc64,tpcc64,tpcc64,tpcc64,tpcc64,1.3632005484210334,1.3779135680978836,1.3678926673716876,1.362669741467347,1.3578411347054715,1.3616095706556361,1.3660212007036758,1.3620378636174597,1000
ABACuS-Big,459.GemsFDTD,459.GemsFDTD,459.GemsFDTD,459.GemsFDTD,459.GemsFDTD,459.GemsFDTD,459.GemsFDTD,459.GemsFDTD,0.22102775507960876,0.22116280104629335,0.22119818522372897,0.22097655235260133,0.22085043136208105,0.22095520004612662,0.22069370278624442,0.2208396353189858,1000
ABACuS-Big,471.omnetpp,471.omnetpp,471.omnetpp,471.omnetpp,471.omnetpp,471.omnetpp,471.omnetpp,471.omnetpp,0.6635424786491273,0.659124719942026,0.6830774288484691,0.7300740612680342,0.6617211327621597,0.7383464036767348,0.6589549150987496,0.6607458508414741,1000
ABACuS-Big,557.xz,557.xz,557.xz,557.xz,557.xz,557.xz,557.xz,557.xz,1.3921296216345518,1.3916634696097752,1.3919788499392791,1.3917581529610128,1.3915573740983944,1.3913322615808168,1.3917662108892122,1.3916261692434377,1000
ABACuS-Big,544.nab,544.nab,544.nab,544.nab,544.nab,544.nab,544.nab,544.nab,2.9228492600997082,2.922867200610201,2.922875444775783,2.922876640824394,2.9228941545054417,2.9229097461297973,2.9229106431872176,2.9229348639457124,1000
ABACuS-Big,433.milc,433.milc,433.milc,433.milc,433.milc,433.milc,433.milc,433.milc,0.3036377759467509,0.30380834007819496,0.30397004530836147,0.303882733695159,0.3039944670818231,0.30405915259188504,0.3038911816246095,0.3038095999716971,1000
ABACuS-Big,481.wrf,481.wrf,481.wrf,481.wrf,481.wrf,481.wrf,481.wrf,481.wrf,3.9553927419215604,3.955403537091925,3.9553751412266696,3.9553913338602045,3.955397748370055,3.9553825726120726,3.955397748370055,3.9554001733731003,1000
ABACuS-Big,ycsb_eserver,ycsb_eserver,ycsb_eserver,ycsb_eserver,ycsb_eserver,ycsb_eserver,ycsb_eserver,ycsb_eserver,1.5095059286713315,1.5095073072305203,1.509512627809019,1.5095075464848509,1.5095188370968782,1.5095174699098448,1.5095085148960112,1.5095071705137941,1000
ABACuS-Big,482.sphinx3,482.sphinx3,482.sphinx3,482.sphinx3,482.sphinx3,482.sphinx3,482.sphinx3,482.sphinx3,0.4894709871481022,0.4892925254298903,0.4891526139989183,0.48834215923884566,0.48766251627665086,0.48804764127807293,0.48665364425313473,0.4869631669655407,1000
